date,open,close,low,high,volume,amount,change_pct,stock_code,code,trade_date,preclose,pctChg,turn,tradestatus,adjustflag,peTTM,pbMRQ,psTTM,pcfNcfTTM
2020-01-03,9.03,9.37,9.73,9.0,922048.0,,,002115.SZ,002115,2020-01-03,,,0.0,1,3,0.0,0.0,0.0,0.0
2020-01-06,9.44,10.31,10.31,9.4,1218280.0,,10.03201707577377,002115.SZ,002115,2020-01-06,9.37,10.03201707577377,0.0,1,3,0.0,0.0,0.0,0.0
2020-01-07,10.52,10.13,10.6,9.96,1157236.0,,-1.745877788554795,002115.SZ,002115,2020-01-07,10.31,-1.745877788554795,0.0,1,3,0.0,0.0,0.0,0.0
2020-01-08,9.9,9.79,10.02,9.65,651685.0,,-3.3563672260612187,002115.SZ,002115,2020-01-08,10.13,-3.3563672260612187,0.0,1,3,0.0,0.0,0.0,0.0
2020-01-09,9.9,10.19,10.22,9.68,692420.0,,4.085801838610825,002115.SZ,002115,2020-01-09,9.79,4.085801838610825,0.0,1,3,0.0,0.0,0.0,0.0
2020-01-10,10.54,9.77,10.64,9.76,624499.0,,-4.121687929342488,002115.SZ,002115,2020-01-10,10.19,-4.121687929342488,0.0,1,3,0.0,0.0,0.0,0.0
2020-01-13,9.61,9.8,9.83,9.33,422796.0,,0.3070624360286711,002115.SZ,002115,2020-01-13,9.77,0.3070624360286711,0.0,1,3,0.0,0.0,0.0,0.0
2020-01-14,9.83,9.72,9.88,9.6,266718.0,,-0.8163265306122436,002115.SZ,002115,2020-01-14,9.8,-0.8163265306122436,0.0,1,3,0.0,0.0,0.0,0.0
2020-01-15,9.64,10.16,10.2,9.45,517685.0,,4.526748971193406,002115.SZ,002115,2020-01-15,9.72,4.526748971193406,0.0,1,3,0.0,0.0,0.0,0.0
2020-01-16,10.08,9.93,10.21,9.91,305473.0,,-2.263779527559062,002115.SZ,002115,2020-01-16,10.16,-2.263779527559062,0.0,1,3,0.0,0.0,0.0,0.0
2020-01-17,9.95,10.93,10.93,9.82,920196.0,,10.070493454179253,002115.SZ,002115,2020-01-17,9.93,10.070493454179253,0.0,1,3,0.0,0.0,0.0,0.0
2020-01-20,11.1,11.6,12.03,10.6,1209054.0,,6.1299176578225145,002115.SZ,002115,2020-01-20,10.93,6.1299176578225145,0.0,1,3,0.0,0.0,0.0,0.0
2020-01-21,11.35,11.63,12.14,11.05,808231.0,,0.2586206896551868,002115.SZ,002115,2020-01-21,11.6,0.2586206896551868,0.0,1,3,0.0,0.0,0.0,0.0
2020-01-22,11.29,12.23,12.6,11.15,853267.0,,5.1590713671539,002115.SZ,002115,2020-01-22,11.63,5.1590713671539,0.0,1,3,0.0,0.0,0.0,0.0
2020-01-23,11.95,11.82,12.63,11.53,743015.0,,-3.352412101390023,002115.SZ,002115,2020-01-23,12.23,-3.352412101390023,0.0,1,3,0.0,0.0,0.0,0.0
2020-02-03,10.63,10.63,10.63,10.63,31613.0,,-10.067681895093061,002115.SZ,002115,2020-02-03,11.82,-10.067681895093061,0.0,1,3,0.0,0.0,0.0,0.0
2020-02-04,9.65,10.51,11.02,9.65,802069.0,,-1.128880526810927,002115.SZ,002115,2020-02-04,10.63,-1.128880526810927,0.0,1,3,0.0,0.0,0.0,0.0
2020-02-05,10.45,10.9,11.4,10.45,700702.0,,3.7107516650808803,002115.SZ,002115,2020-02-05,10.51,3.7107516650808803,0.0,1,3,0.0,0.0,0.0,0.0
2020-02-06,10.85,11.38,11.7,10.85,746723.0,,4.4036697247706424,002115.SZ,002115,2020-02-06,10.9,4.4036697247706424,0.0,1,3,0.0,0.0,0.0,0.0
2020-02-07,11.35,11.18,11.44,10.85,627670.0,,-1.7574692442882345,002115.SZ,002115,2020-02-07,11.38,-1.7574692442882345,0.0,1,3,0.0,0.0,0.0,0.0
2020-02-10,11.03,12.02,12.02,10.96,768534.0,,7.513416815742402,002115.SZ,002115,2020-02-10,11.18,7.513416815742402,0.0,1,3,0.0,0.0,0.0,0.0
2020-02-11,12.05,11.53,12.05,11.44,553227.0,,-4.0765391014975005,002115.SZ,002115,2020-02-11,12.02,-4.0765391014975005,0.0,1,3,0.0,0.0,0.0,0.0
2020-02-12,11.76,11.74,11.9,11.49,506972.0,,1.8213356461405095,002115.SZ,002115,2020-02-12,11.53,1.8213356461405095,0.0,1,3,0.0,0.0,0.0,0.0
2020-02-13,11.73,11.24,11.73,11.15,559210.0,,-4.258943781942081,002115.SZ,002115,2020-02-13,11.74,-4.258943781942081,0.0,1,3,0.0,0.0,0.0,0.0
2020-02-14,11.1,11.68,11.95,11.1,594435.0,,3.9145907473309594,002115.SZ,002115,2020-02-14,11.24,3.9145907473309594,0.0,1,3,0.0,0.0,0.0,0.0
2020-02-17,11.64,12.09,12.21,11.56,672720.0,,3.510273972602751,002115.SZ,002115,2020-02-17,11.68,3.510273972602751,0.0,1,3,0.0,0.0,0.0,0.0
2020-02-18,12.15,12.37,12.62,11.97,678223.0,,2.3159636062861866,002115.SZ,002115,2020-02-18,12.09,2.3159636062861866,0.0,1,3,0.0,0.0,0.0,0.0
2020-02-19,12.21,13.14,13.61,12.11,1042930.0,,6.2247372675828805,002115.SZ,002115,2020-02-19,12.37,6.2247372675828805,0.0,1,3,0.0,0.0,0.0,0.0
2020-02-20,12.95,13.15,13.36,12.57,721904.0,,0.07610350076103778,002115.SZ,002115,2020-02-20,13.14,0.07610350076103778,0.0,1,3,0.0,0.0,0.0,0.0
2020-02-21,13.15,13.0,13.6,12.96,607494.0,,-1.1406844106463865,002115.SZ,002115,2020-02-21,13.15,-1.1406844106463865,0.0,1,3,0.0,0.0,0.0,0.0
2020-02-24,12.76,13.47,13.8,12.6,631168.0,,3.6153846153846203,002115.SZ,002115,2020-02-24,13.0,3.6153846153846203,0.0,1,3,0.0,0.0,0.0,0.0
2020-02-25,13.05,13.06,13.53,12.12,735957.0,,-3.043801039346694,002115.SZ,002115,2020-02-25,13.47,-3.043801039346694,0.0,1,3,0.0,0.0,0.0,0.0
2020-02-26,12.65,11.95,12.9,11.83,566082.0,,-8.49923430321593,002115.SZ,002115,2020-02-26,13.06,-8.49923430321593,0.0,1,3,0.0,0.0,0.0,0.0
2020-02-27,12.01,11.99,12.21,11.6,349061.0,,0.33472803347280866,002115.SZ,002115,2020-02-27,11.95,0.33472803347280866,0.0,1,3,0.0,0.0,0.0,0.0
2020-02-28,11.35,10.79,11.6,10.79,427720.0,,-10.00834028356965,002115.SZ,002115,2020-02-28,11.99,-10.00834028356965,0.0,1,3,0.0,0.0,0.0,0.0
2020-03-02,10.88,11.3,11.44,10.88,372353.0,,4.726598702502338,002115.SZ,002115,2020-03-02,10.79,4.726598702502338,0.0,1,3,0.0,0.0,0.0,0.0
2020-03-03,11.75,11.32,11.88,11.24,440855.0,,0.1769911504424737,002115.SZ,002115,2020-03-03,11.3,0.1769911504424737,0.0,1,3,0.0,0.0,0.0,0.0
2020-03-04,11.15,11.77,11.88,11.1,386121.0,,3.9752650176678284,002115.SZ,002115,2020-03-04,11.32,3.9752650176678284,0.0,1,3,0.0,0.0,0.0,0.0
2020-03-05,12.29,11.79,12.35,11.53,457148.0,,0.1699235344095218,002115.SZ,002115,2020-03-05,11.77,0.1699235344095218,0.0,1,3,0.0,0.0,0.0,0.0
2020-03-06,11.45,11.43,11.62,11.33,295175.0,,-3.0534351145038108,002115.SZ,002115,2020-03-06,11.79,-3.0534351145038108,0.0,1,3,0.0,0.0,0.0,0.0
2020-03-09,11.12,11.11,11.71,11.05,352751.0,,-2.7996500437445393,002115.SZ,002115,2020-03-09,11.43,-2.7996500437445393,0.0,1,3,0.0,0.0,0.0,0.0
2020-03-10,10.9,11.85,11.9,10.65,515675.0,,6.660666066606669,002115.SZ,002115,2020-03-10,11.11,6.660666066606669,0.0,1,3,0.0,0.0,0.0,0.0
2020-03-11,11.92,11.78,12.39,11.77,614605.0,,-0.5907172995780585,002115.SZ,002115,2020-03-11,11.85,-0.5907172995780585,0.0,1,3,0.0,0.0,0.0,0.0
2020-03-12,11.63,11.69,12.0,11.45,359875.0,,-0.7640067911714787,002115.SZ,002115,2020-03-12,11.78,-0.7640067911714787,0.0,1,3,0.0,0.0,0.0,0.0
2020-03-13,11.05,11.63,11.84,10.86,393939.0,,-0.5132591958939114,002115.SZ,002115,2020-03-13,11.69,-0.5132591958939114,0.0,1,3,0.0,0.0,0.0,0.0
2020-03-16,11.75,10.48,11.8,10.46,492198.0,,-9.888220120378332,002115.SZ,002115,2020-03-16,11.63,-9.888220120378332,0.0,1,3,0.0,0.0,0.0,0.0
2020-03-17,10.55,10.11,10.73,9.48,338017.0,,-3.5305343511450427,002115.SZ,002115,2020-03-17,10.48,-3.5305343511450427,0.0,1,3,0.0,0.0,0.0,0.0
2020-03-18,10.26,9.83,10.44,9.82,258205.0,,-2.7695351137487556,002115.SZ,002115,2020-03-18,10.11,-2.7695351137487556,0.0,1,3,0.0,0.0,0.0,0.0
2020-03-19,9.88,10.16,10.35,9.75,261472.0,,3.3570701932858604,002115.SZ,002115,2020-03-19,9.83,3.3570701932858604,0.0,1,3,0.0,0.0,0.0,0.0
2020-03-20,10.35,10.24,10.42,10.05,183001.0,,0.7874015748031482,002115.SZ,002115,2020-03-20,10.16,0.7874015748031482,0.0,1,3,0.0,0.0,0.0,0.0
2020-03-23,9.69,9.88,10.31,9.69,206852.0,,-3.515624999999989,002115.SZ,002115,2020-03-23,10.24,-3.515624999999989,0.0,1,3,0.0,0.0,0.0,0.0
2020-03-24,10.08,10.22,10.25,9.77,237529.0,,3.441295546558698,002115.SZ,002115,2020-03-24,9.88,3.441295546558698,0.0,1,3,0.0,0.0,0.0,0.0
2020-03-25,10.49,10.39,10.54,10.3,232431.0,,1.6634050880626194,002115.SZ,002115,2020-03-25,10.22,1.6634050880626194,0.0,1,3,0.0,0.0,0.0,0.0
2020-03-26,10.25,10.03,10.33,9.97,203582.0,,-3.464870067372483,002115.SZ,002115,2020-03-26,10.39,-3.464870067372483,0.0,1,3,0.0,0.0,0.0,0.0
2020-03-27,10.2,9.88,10.24,9.86,150526.0,,-1.4955134596211228,002115.SZ,002115,2020-03-27,10.03,-1.4955134596211228,0.0,1,3,0.0,0.0,0.0,0.0
2020-03-30,9.7,9.28,9.7,9.12,227911.0,,-6.072874493927138,002115.SZ,002115,2020-03-30,9.88,-6.072874493927138,0.0,1,3,0.0,0.0,0.0,0.0
2020-03-31,9.42,9.11,9.44,9.08,172306.0,,-1.8318965517241326,002115.SZ,002115,2020-03-31,9.28,-1.8318965517241326,0.0,1,3,0.0,0.0,0.0,0.0
2020-04-01,9.17,9.16,9.42,9.13,168618.0,,0.5488474204171423,002115.SZ,002115,2020-04-01,9.11,0.5488474204171423,0.0,1,3,0.0,0.0,0.0,0.0
2020-04-02,9.14,9.55,9.55,9.13,188532.0,,4.257641921397393,002115.SZ,002115,2020-04-02,9.16,4.257641921397393,0.0,1,3,0.0,0.0,0.0,0.0
2020-04-03,9.46,9.36,9.53,9.27,147953.0,,-1.9895287958115349,002115.SZ,002115,2020-04-03,9.55,-1.9895287958115349,0.0,1,3,0.0,0.0,0.0,0.0
2020-04-07,9.57,9.98,10.0,9.5,303963.0,,6.623931623931645,002115.SZ,002115,2020-04-07,9.36,6.623931623931645,0.0,1,3,0.0,0.0,0.0,0.0
2020-04-08,9.87,10.04,10.12,9.81,303474.0,,0.6012024048096087,002115.SZ,002115,2020-04-08,9.98,0.6012024048096087,0.0,1,3,0.0,0.0,0.0,0.0
2020-04-09,10.25,10.58,10.8,10.2,500817.0,,5.37848605577691,002115.SZ,002115,2020-04-09,10.04,5.37848605577691,0.0,1,3,0.0,0.0,0.0,0.0
2020-04-10,10.4,9.9,10.43,9.86,350084.0,,-6.427221172022679,002115.SZ,002115,2020-04-10,10.58,-6.427221172022679,0.0,1,3,0.0,0.0,0.0,0.0
2020-04-13,9.67,10.0,10.1,9.66,159863.0,,1.0101010101010166,002115.SZ,002115,2020-04-13,9.9,1.0101010101010166,0.0,1,3,0.0,0.0,0.0,0.0
2020-04-14,10.0,10.14,10.19,9.89,201404.0,,1.4000000000000012,002115.SZ,002115,2020-04-14,10.0,1.4000000000000012,0.0,1,3,0.0,0.0,0.0,0.0
2020-04-15,9.9,9.63,9.9,9.61,299399.0,,-5.02958579881656,002115.SZ,002115,2020-04-15,10.14,-5.02958579881656,0.0,1,3,0.0,0.0,0.0,0.0
2020-04-16,9.53,9.53,9.58,9.38,166026.0,,-1.0384215991692813,002115.SZ,002115,2020-04-16,9.63,-1.0384215991692813,0.0,1,3,0.0,0.0,0.0,0.0
2020-04-17,9.59,9.44,9.72,9.41,169192.0,,-0.9443861490031513,002115.SZ,002115,2020-04-17,9.53,-0.9443861490031513,0.0,1,3,0.0,0.0,0.0,0.0
2020-04-20,9.49,9.58,9.63,9.4,142647.0,,1.4830508474576343,002115.SZ,002115,2020-04-20,9.44,1.4830508474576343,0.0,1,3,0.0,0.0,0.0,0.0
2020-04-21,9.47,9.51,9.52,9.36,112553.0,,-0.7306889352818424,002115.SZ,002115,2020-04-21,9.58,-0.7306889352818424,0.0,1,3,0.0,0.0,0.0,0.0
2020-04-22,9.42,9.6,9.62,9.39,116197.0,,0.9463722397476282,002115.SZ,002115,2020-04-22,9.51,0.9463722397476282,0.0,1,3,0.0,0.0,0.0,0.0
2020-04-23,9.6,9.35,9.6,9.34,130057.0,,-2.604166666666663,002115.SZ,002115,2020-04-23,9.6,-2.604166666666663,0.0,1,3,0.0,0.0,0.0,0.0
2020-04-24,9.33,9.13,9.43,9.09,107400.0,,-2.35294117647058,002115.SZ,002115,2020-04-24,9.35,-2.35294117647058,0.0,1,3,0.0,0.0,0.0,0.0
2020-04-27,9.18,9.17,9.32,9.13,100563.0,,0.4381161007666945,002115.SZ,002115,2020-04-27,9.13,0.4381161007666945,0.0,1,3,0.0,0.0,0.0,0.0
2020-04-28,9.23,8.87,9.26,8.55,151578.0,,-3.271537622682663,002115.SZ,002115,2020-04-28,9.17,-3.271537622682663,0.0,1,3,0.0,0.0,0.0,0.0
2020-04-29,8.75,8.75,8.96,8.67,101190.0,,-1.3528748590755257,002115.SZ,002115,2020-04-29,8.87,-1.3528748590755257,0.0,1,3,0.0,0.0,0.0,0.0
2020-04-30,8.83,9.06,9.11,8.78,126513.0,,3.5428571428571587,002115.SZ,002115,2020-04-30,8.75,3.5428571428571587,0.0,1,3,0.0,0.0,0.0,0.0
2020-05-06,9.04,9.29,9.29,8.95,137503.0,,2.538631346578346,002115.SZ,002115,2020-05-06,9.06,2.538631346578346,0.0,1,3,0.0,0.0,0.0,0.0
2020-05-07,9.45,9.23,9.58,9.19,164813.0,,-0.6458557588804981,002115.SZ,002115,2020-05-07,9.29,-0.6458557588804981,0.0,1,3,0.0,0.0,0.0,0.0
2020-05-08,9.28,9.32,9.43,9.25,145813.0,,0.9750812567713929,002115.SZ,002115,2020-05-08,9.23,0.9750812567713929,0.0,1,3,0.0,0.0,0.0,0.0
2020-05-11,9.4,9.38,9.51,9.26,130931.0,,0.6437768240343367,002115.SZ,002115,2020-05-11,9.32,0.6437768240343367,0.0,1,3,0.0,0.0,0.0,0.0
2020-05-12,9.37,9.3,9.4,9.16,95850.0,,-0.8528784648187626,002115.SZ,002115,2020-05-12,9.38,-0.8528784648187626,0.0,1,3,0.0,0.0,0.0,0.0
2020-05-13,9.25,9.3,9.39,9.15,74264.0,,0.0,002115.SZ,002115,2020-05-13,9.3,0.0,0.0,1,3,0.0,0.0,0.0,0.0
2020-05-14,9.27,9.13,9.3,9.13,91633.0,,-1.8279569892473146,002115.SZ,002115,2020-05-14,9.3,-1.8279569892473146,0.0,1,3,0.0,0.0,0.0,0.0
2020-05-15,9.19,9.31,9.43,9.11,143390.0,,1.9715224534501585,002115.SZ,002115,2020-05-15,9.13,1.9715224534501585,0.0,1,3,0.0,0.0,0.0,0.0
2020-05-18,9.38,9.01,9.4,8.96,157410.0,,-3.222341568206233,002115.SZ,002115,2020-05-18,9.31,-3.222341568206233,0.0,1,3,0.0,0.0,0.0,0.0
2020-05-19,9.09,9.05,9.13,8.95,95725.0,,0.4439511653718142,002115.SZ,002115,2020-05-19,9.01,0.4439511653718142,0.0,1,3,0.0,0.0,0.0,0.0
2020-05-20,9.03,8.82,9.04,8.75,113108.0,,-2.541436464088398,002115.SZ,002115,2020-05-20,9.05,-2.541436464088398,0.0,1,3,0.0,0.0,0.0,0.0
2020-05-21,8.87,8.66,8.94,8.6,89586.0,,-1.814058956916098,002115.SZ,002115,2020-05-21,8.82,-1.814058956916098,0.0,1,3,0.0,0.0,0.0,0.0
2020-05-22,8.65,8.68,8.77,8.57,73837.0,,0.2309468822170757,002115.SZ,002115,2020-05-22,8.66,0.2309468822170757,0.0,1,3,0.0,0.0,0.0,0.0
2020-05-25,8.64,8.42,8.65,8.36,78031.0,,-2.995391705069117,002115.SZ,002115,2020-05-25,8.68,-2.995391705069117,0.0,1,3,0.0,0.0,0.0,0.0
2020-05-26,8.45,8.63,8.63,8.45,64780.0,,2.4940617577197344,002115.SZ,002115,2020-05-26,8.42,2.4940617577197344,0.0,1,3,0.0,0.0,0.0,0.0
2020-05-27,8.69,8.63,8.77,8.45,88824.0,,0.0,002115.SZ,002115,2020-05-27,8.63,0.0,0.0,1,3,0.0,0.0,0.0,0.0
2020-05-28,8.59,8.59,8.67,8.41,70046.0,,-0.4634994206257348,002115.SZ,002115,2020-05-28,8.63,-0.4634994206257348,0.0,1,3,0.0,0.0,0.0,0.0
2020-05-29,8.58,8.73,8.84,8.51,95999.0,,1.6298020954598424,002115.SZ,002115,2020-05-29,8.59,1.6298020954598424,0.0,1,3,0.0,0.0,0.0,0.0
2020-06-01,8.77,9.09,9.09,8.77,154477.0,,4.123711340206171,002115.SZ,002115,2020-06-01,8.73,4.123711340206171,0.0,1,3,0.0,0.0,0.0,0.0
2020-06-02,9.13,9.06,9.15,9.0,120818.0,,-0.3300330033003229,002115.SZ,002115,2020-06-02,9.09,-0.3300330033003229,0.0,1,3,0.0,0.0,0.0,0.0
2020-06-03,9.12,9.03,9.2,9.0,125426.0,,-0.33112582781458233,002115.SZ,002115,2020-06-03,9.06,-0.33112582781458233,0.0,1,3,0.0,0.0,0.0,0.0
2020-06-04,9.03,8.99,9.1,8.95,76080.0,,-0.44296788482833804,002115.SZ,002115,2020-06-04,9.03,-0.44296788482833804,0.0,1,3,0.0,0.0,0.0,0.0
2020-06-05,9.0,9.11,9.29,9.0,142541.0,,1.3348164627363657,002115.SZ,002115,2020-06-05,8.99,1.3348164627363657,0.0,1,3,0.0,0.0,0.0,0.0
2020-06-08,9.17,9.08,9.27,9.05,98366.0,,-0.3293084522502654,002115.SZ,002115,2020-06-08,9.11,-0.3293084522502654,0.0,1,3,0.0,0.0,0.0,0.0
2020-06-09,9.09,9.69,9.82,9.03,362100.0,,6.718061674008813,002115.SZ,002115,2020-06-09,9.08,6.718061674008813,0.0,1,3,0.0,0.0,0.0,0.0
2020-06-10,9.44,9.39,9.54,9.28,235720.0,,-3.0959752321981338,002115.SZ,002115,2020-06-10,9.69,-3.0959752321981338,0.0,1,3,0.0,0.0,0.0,0.0
2020-06-11,9.33,9.18,9.39,9.17,157103.0,,-2.2364217252396235,002115.SZ,002115,2020-06-11,9.39,-2.2364217252396235,0.0,1,3,0.0,0.0,0.0,0.0
2020-06-12,8.96,9.09,9.14,8.93,100553.0,,-0.9803921568627416,002115.SZ,002115,2020-06-12,9.18,-0.9803921568627416,0.0,1,3,0.0,0.0,0.0,0.0
2020-06-15,9.12,9.68,10.0,9.01,666675.0,,6.490649064906484,002115.SZ,002115,2020-06-15,9.09,6.490649064906484,0.0,1,3,0.0,0.0,0.0,0.0
2020-06-16,9.85,9.72,9.87,9.44,585787.0,,0.4132231404958775,002115.SZ,002115,2020-06-16,9.68,0.4132231404958775,0.0,1,3,0.0,0.0,0.0,0.0
2020-06-17,9.63,9.83,9.89,9.6,377121.0,,1.1316872427983515,002115.SZ,002115,2020-06-17,9.72,1.1316872427983515,0.0,1,3,0.0,0.0,0.0,0.0
2020-06-18,9.95,9.9,10.34,9.76,469463.0,,0.7121057985757906,002115.SZ,002115,2020-06-18,9.83,0.7121057985757906,0.0,1,3,0.0,0.0,0.0,0.0
2020-06-19,9.79,9.76,9.8,9.6,260404.0,,-1.4141414141414232,002115.SZ,002115,2020-06-19,9.9,-1.4141414141414232,0.0,1,3,0.0,0.0,0.0,0.0
2020-06-22,9.65,9.93,9.99,9.52,312483.0,,1.741803278688514,002115.SZ,002115,2020-06-22,9.76,1.741803278688514,0.0,1,3,0.0,0.0,0.0,0.0
2020-06-23,10.06,9.75,10.09,9.72,224899.0,,-1.8126888217522619,002115.SZ,002115,2020-06-23,9.93,-1.8126888217522619,0.0,1,3,0.0,0.0,0.0,0.0
2020-06-24,9.65,9.62,9.79,9.59,153085.0,,-1.333333333333342,002115.SZ,002115,2020-06-24,9.75,-1.333333333333342,0.0,1,3,0.0,0.0,0.0,0.0
2020-06-29,9.55,9.46,9.62,9.41,124695.0,,-1.663201663201641,002115.SZ,002115,2020-06-29,9.62,-1.663201663201641,0.0,1,3,0.0,0.0,0.0,0.0
2020-06-30,9.56,9.6,9.68,9.52,113711.0,"{'nd': '2019', 'fh_sh': '0.5', 'djr': '2020-06-29', 'cqr': '2020-06-30', 'FHcontent': '10派0.5元'}",1.4799154334038,002115.SZ,002115,2020-06-30,9.46,1.4799154334038,0.0,1,3,0.0,0.0,0.0,0.0
2020-07-01,9.59,9.41,9.62,9.28,186346.0,,-1.9791666666666652,002115.SZ,002115,2020-07-01,9.6,-1.9791666666666652,0.0,1,3,0.0,0.0,0.0,0.0
2020-07-02,9.37,9.64,9.72,9.36,241777.0,,2.444208289054206,002115.SZ,002115,2020-07-02,9.41,2.444208289054206,0.0,1,3,0.0,0.0,0.0,0.0
2020-07-03,9.63,9.74,9.79,9.56,206729.0,,1.0373443983402453,002115.SZ,002115,2020-07-03,9.64,1.0373443983402453,0.0,1,3,0.0,0.0,0.0,0.0
2020-07-06,9.79,10.05,10.15,9.74,439559.0,,3.182751540041062,002115.SZ,002115,2020-07-06,9.74,3.182751540041062,0.0,1,3,0.0,0.0,0.0,0.0
2020-07-07,10.14,10.22,10.5,9.96,477310.0,,1.691542288557213,002115.SZ,002115,2020-07-07,10.05,1.691542288557213,0.0,1,3,0.0,0.0,0.0,0.0
2020-07-08,10.24,10.35,10.4,10.13,349539.0,,1.2720156555772855,002115.SZ,002115,2020-07-08,10.22,1.2720156555772855,0.0,1,3,0.0,0.0,0.0,0.0
2020-07-09,10.39,10.53,10.6,10.34,447674.0,,1.7391304347825987,002115.SZ,002115,2020-07-09,10.35,1.7391304347825987,0.0,1,3,0.0,0.0,0.0,0.0
2020-07-10,10.45,10.32,10.68,10.31,364743.0,,-1.9943019943019835,002115.SZ,002115,2020-07-10,10.53,-1.9943019943019835,0.0,1,3,0.0,0.0,0.0,0.0
2020-07-13,10.35,10.64,10.69,10.35,316609.0,,3.100775193798455,002115.SZ,002115,2020-07-13,10.32,3.100775193798455,0.0,1,3,0.0,0.0,0.0,0.0
2020-07-14,10.65,10.39,10.79,10.19,361385.0,,-2.3496240601503793,002115.SZ,002115,2020-07-14,10.64,-2.3496240601503793,0.0,1,3,0.0,0.0,0.0,0.0
2020-07-15,10.39,9.92,10.56,9.87,351259.0,,-4.52358036573629,002115.SZ,002115,2020-07-15,10.39,-4.52358036573629,0.0,1,3,0.0,0.0,0.0,0.0
2020-07-16,9.92,9.36,10.0,9.36,269957.0,,-5.645161290322587,002115.SZ,002115,2020-07-16,9.92,-5.645161290322587,0.0,1,3,0.0,0.0,0.0,0.0
2020-07-17,9.35,9.54,9.63,9.18,252551.0,,1.9230769230769162,002115.SZ,002115,2020-07-17,9.36,1.9230769230769162,0.0,1,3,0.0,0.0,0.0,0.0
2020-07-20,9.65,9.68,9.7,9.41,224903.0,,1.4675052410901612,002115.SZ,002115,2020-07-20,9.54,1.4675052410901612,0.0,1,3,0.0,0.0,0.0,0.0
2020-07-21,9.61,9.56,9.71,9.47,158544.0,,-1.2396694214875992,002115.SZ,002115,2020-07-21,9.68,-1.2396694214875992,0.0,1,3,0.0,0.0,0.0,0.0
2020-07-22,9.56,9.49,9.64,9.41,193990.0,,-0.7322175732217606,002115.SZ,002115,2020-07-22,9.56,-0.7322175732217606,0.0,1,3,0.0,0.0,0.0,0.0
2020-07-23,9.4,9.2,9.4,8.98,254085.0,,-3.0558482613277205,002115.SZ,002115,2020-07-23,9.49,-3.0558482613277205,0.0,1,3,0.0,0.0,0.0,0.0
2020-07-24,9.12,8.76,9.27,8.76,196702.0,,-4.7826086956521685,002115.SZ,002115,2020-07-24,9.2,-4.7826086956521685,0.0,1,3,0.0,0.0,0.0,0.0
2020-07-27,8.8,8.85,8.89,8.65,92160.0,,1.0273972602739656,002115.SZ,002115,2020-07-27,8.76,1.0273972602739656,0.0,1,3,0.0,0.0,0.0,0.0
2020-07-28,8.89,8.91,8.99,8.83,70862.0,,0.6779661016949268,002115.SZ,002115,2020-07-28,8.85,0.6779661016949268,0.0,1,3,0.0,0.0,0.0,0.0
2020-07-29,8.92,9.08,9.12,8.84,137995.0,,1.9079685746352437,002115.SZ,002115,2020-07-29,8.91,1.9079685746352437,0.0,1,3,0.0,0.0,0.0,0.0
2020-07-30,9.09,8.89,9.15,8.85,159000.0,,-2.0925110132158586,002115.SZ,002115,2020-07-30,9.08,-2.0925110132158586,0.0,1,3,0.0,0.0,0.0,0.0
2020-07-31,8.87,9.01,9.04,8.82,118458.0,,1.3498312710910954,002115.SZ,002115,2020-07-31,8.89,1.3498312710910954,0.0,1,3,0.0,0.0,0.0,0.0
2020-08-03,9.07,9.33,9.34,9.07,194774.0,,3.5516093229744694,002115.SZ,002115,2020-08-03,9.01,3.5516093229744694,0.0,1,3,0.0,0.0,0.0,0.0
2020-08-04,9.33,9.24,9.36,9.16,144544.0,,-0.9646302250803873,002115.SZ,002115,2020-08-04,9.33,-0.9646302250803873,0.0,1,3,0.0,0.0,0.0,0.0
2020-08-05,9.25,9.26,9.3,9.08,121921.0,,0.21645021645020357,002115.SZ,002115,2020-08-05,9.24,0.21645021645020357,0.0,1,3,0.0,0.0,0.0,0.0
2020-08-06,9.2,9.16,9.24,9.06,126821.0,,-1.0799136069114423,002115.SZ,002115,2020-08-06,9.26,-1.0799136069114423,0.0,1,3,0.0,0.0,0.0,0.0
2020-08-07,9.11,8.96,9.15,8.86,131744.0,,-2.183406113537112,002115.SZ,002115,2020-08-07,9.16,-2.183406113537112,0.0,1,3,0.0,0.0,0.0,0.0
2020-08-10,9.01,9.03,9.1,8.97,90317.0,,0.7812499999999778,002115.SZ,002115,2020-08-10,8.96,0.7812499999999778,0.0,1,3,0.0,0.0,0.0,0.0
2020-08-11,9.03,8.82,9.09,8.8,107281.0,,-2.3255813953488302,002115.SZ,002115,2020-08-11,9.03,-2.3255813953488302,0.0,1,3,0.0,0.0,0.0,0.0
2020-08-12,8.81,8.97,8.98,8.78,104359.0,,1.7006802721088565,002115.SZ,002115,2020-08-12,8.82,1.7006802721088565,0.0,1,3,0.0,0.0,0.0,0.0
2020-08-13,8.95,8.95,9.01,8.87,91563.0,,-0.22296544035675936,002115.SZ,002115,2020-08-13,8.97,-0.22296544035675936,0.0,1,3,0.0,0.0,0.0,0.0
2020-08-14,8.9,8.96,8.97,8.84,71593.0,,0.11173184357544663,002115.SZ,002115,2020-08-14,8.95,0.11173184357544663,0.0,1,3,0.0,0.0,0.0,0.0
2020-08-17,8.96,9.24,9.35,8.9,194037.0,,3.125,002115.SZ,002115,2020-08-17,8.96,3.125,0.0,1,3,0.0,0.0,0.0,0.0
2020-08-18,9.19,9.14,9.23,9.11,117354.0,,-1.0822510822510734,002115.SZ,002115,2020-08-18,9.24,-1.0822510822510734,0.0,1,3,0.0,0.0,0.0,0.0
2020-08-19,9.13,8.99,9.18,8.97,97694.0,,-1.6411378555798772,002115.SZ,002115,2020-08-19,9.14,-1.6411378555798772,0.0,1,3,0.0,0.0,0.0,0.0
2020-08-20,8.91,8.95,9.07,8.9,64174.0,,-0.444938820912133,002115.SZ,002115,2020-08-20,8.99,-0.444938820912133,0.0,1,3,0.0,0.0,0.0,0.0
2020-08-21,8.95,8.95,9.06,8.89,62708.0,,0.0,002115.SZ,002115,2020-08-21,8.95,0.0,0.0,1,3,0.0,0.0,0.0,0.0
2020-08-24,9.0,8.97,9.03,8.84,60792.0,,0.22346368715084886,002115.SZ,002115,2020-08-24,8.95,0.22346368715084886,0.0,1,3,0.0,0.0,0.0,0.0
2020-08-25,8.96,8.9,9.02,8.87,74468.0,,-0.7803790412486133,002115.SZ,002115,2020-08-25,8.97,-0.7803790412486133,0.0,1,3,0.0,0.0,0.0,0.0
2020-08-26,8.89,8.69,8.89,8.67,101426.0,,-2.359550561797763,002115.SZ,002115,2020-08-26,8.9,-2.359550561797763,0.0,1,3,0.0,0.0,0.0,0.0
2020-08-27,8.66,8.79,8.81,8.66,56904.0,,1.1507479861910141,002115.SZ,002115,2020-08-27,8.69,1.1507479861910141,0.0,1,3,0.0,0.0,0.0,0.0
2020-08-28,8.86,8.91,8.95,8.8,78778.0,,1.3651877133106005,002115.SZ,002115,2020-08-28,8.79,1.3651877133106005,0.0,1,3,0.0,0.0,0.0,0.0
2020-08-31,8.92,8.86,9.02,8.86,83653.0,,-0.561167227833903,002115.SZ,002115,2020-08-31,8.91,-0.561167227833903,0.0,1,3,0.0,0.0,0.0,0.0
2020-09-01,8.86,8.84,8.88,8.71,68073.0,,-0.22573363431150906,002115.SZ,002115,2020-09-01,8.86,-0.22573363431150906,0.0,1,3,0.0,0.0,0.0,0.0
2020-09-02,8.88,8.89,8.92,8.74,79276.0,,0.5656108597285048,002115.SZ,002115,2020-09-02,8.84,0.5656108597285048,0.0,1,3,0.0,0.0,0.0,0.0
2020-09-03,8.87,8.74,8.89,8.7,71636.0,,-1.687289088863897,002115.SZ,002115,2020-09-03,8.89,-1.687289088863897,0.0,1,3,0.0,0.0,0.0,0.0
2020-09-04,8.6,8.7,8.74,8.55,58964.0,,-0.4576659038901698,002115.SZ,002115,2020-09-04,8.74,-0.4576659038901698,0.0,1,3,0.0,0.0,0.0,0.0
2020-09-07,8.7,8.6,8.77,8.56,69543.0,,-1.1494252873563204,002115.SZ,002115,2020-09-07,8.7,-1.1494252873563204,0.0,1,3,0.0,0.0,0.0,0.0
2020-09-08,8.6,8.63,8.65,8.53,61371.0,,0.34883720930234396,002115.SZ,002115,2020-09-08,8.6,0.34883720930234396,0.0,1,3,0.0,0.0,0.0,0.0
2020-09-09,8.55,8.44,8.61,8.43,88801.0,,-2.2016222479722014,002115.SZ,002115,2020-09-09,8.63,-2.2016222479722014,0.0,1,3,0.0,0.0,0.0,0.0
2020-09-10,8.48,7.98,8.5,7.88,144149.0,,-5.450236966824629,002115.SZ,002115,2020-09-10,8.44,-5.450236966824629,0.0,1,3,0.0,0.0,0.0,0.0
2020-09-11,7.98,8.05,8.05,7.9,47307.0,,0.8771929824561431,002115.SZ,002115,2020-09-11,7.98,0.8771929824561431,0.0,1,3,0.0,0.0,0.0,0.0
2020-09-14,8.08,8.13,8.19,8.04,47017.0,,0.9937888198757738,002115.SZ,002115,2020-09-14,8.05,0.9937888198757738,0.0,1,3,0.0,0.0,0.0,0.0
2020-09-15,8.2,8.06,8.21,8.04,38243.0,,-0.8610086100861003,002115.SZ,002115,2020-09-15,8.13,-0.8610086100861003,0.0,1,3,0.0,0.0,0.0,0.0
2020-09-16,8.05,8.02,8.09,7.94,44210.0,,-0.49627791563277013,002115.SZ,002115,2020-09-16,8.06,-0.49627791563277013,0.0,1,3,0.0,0.0,0.0,0.0
2020-09-17,8.02,8.05,8.1,7.95,43216.0,,0.37406483790525247,002115.SZ,002115,2020-09-17,8.02,0.37406483790525247,0.0,1,3,0.0,0.0,0.0,0.0
2020-09-18,8.07,8.17,8.2,8.0,55075.0,,1.4906832298136496,002115.SZ,002115,2020-09-18,8.05,1.4906832298136496,0.0,1,3,0.0,0.0,0.0,0.0
2020-09-21,8.2,8.25,8.33,8.14,54473.0,,0.9791921664626724,002115.SZ,002115,2020-09-21,8.17,0.9791921664626724,0.0,1,3,0.0,0.0,0.0,0.0
2020-09-22,8.19,8.08,8.2,8.06,38459.0,,-2.0606060606060628,002115.SZ,002115,2020-09-22,8.25,-2.0606060606060628,0.0,1,3,0.0,0.0,0.0,0.0
2020-09-23,8.1,8.07,8.13,8.03,28564.0,,-0.12376237623762387,002115.SZ,002115,2020-09-23,8.08,-0.12376237623762387,0.0,1,3,0.0,0.0,0.0,0.0
2020-09-24,8.03,7.86,8.06,7.85,46460.0,,-2.6022304832713727,002115.SZ,002115,2020-09-24,8.07,-2.6022304832713727,0.0,1,3,0.0,0.0,0.0,0.0
2020-09-25,7.89,7.81,7.93,7.79,31662.0,,-0.6361323155216425,002115.SZ,002115,2020-09-25,7.86,-0.6361323155216425,0.0,1,3,0.0,0.0,0.0,0.0
2020-09-28,7.8,7.73,7.89,7.73,29852.0,,-1.0243277848911547,002115.SZ,002115,2020-09-28,7.81,-1.0243277848911547,0.0,1,3,0.0,0.0,0.0,0.0
2020-09-29,7.71,7.76,7.86,7.71,26013.0,,0.3880983182406039,002115.SZ,002115,2020-09-29,7.73,0.3880983182406039,0.0,1,3,0.0,0.0,0.0,0.0
2020-09-30,7.75,7.74,7.82,7.7,34029.0,,-0.2577319587628857,002115.SZ,002115,2020-09-30,7.76,-0.2577319587628857,0.0,1,3,0.0,0.0,0.0,0.0
2020-10-09,7.84,7.91,7.97,7.82,38714.0,,2.1963824289405576,002115.SZ,002115,2020-10-09,7.74,2.1963824289405576,0.0,1,3,0.0,0.0,0.0,0.0
2020-10-12,7.9,8.13,8.14,7.9,60073.0,,2.7812895069532217,002115.SZ,002115,2020-10-12,7.91,2.7812895069532217,0.0,1,3,0.0,0.0,0.0,0.0
2020-10-13,8.12,8.12,8.15,8.07,36569.0,,-0.12300123001232066,002115.SZ,002115,2020-10-13,8.13,-0.12300123001232066,0.0,1,3,0.0,0.0,0.0,0.0
2020-10-14,8.09,7.97,8.09,7.94,46278.0,,-1.8472906403940836,002115.SZ,002115,2020-10-14,8.12,-1.8472906403940836,0.0,1,3,0.0,0.0,0.0,0.0
2020-10-15,8.0,7.88,8.02,7.87,40967.0,,-1.129234629861986,002115.SZ,002115,2020-10-15,7.97,-1.129234629861986,0.0,1,3,0.0,0.0,0.0,0.0
2020-10-16,7.89,7.93,7.93,7.78,35818.0,,0.6345177664974555,002115.SZ,002115,2020-10-16,7.88,0.6345177664974555,0.0,1,3,0.0,0.0,0.0,0.0
2020-10-19,8.46,8.09,8.46,8.08,141691.0,,2.0176544766708826,002115.SZ,002115,2020-10-19,7.93,2.0176544766708826,0.0,1,3,0.0,0.0,0.0,0.0
2020-10-20,8.04,8.2,8.26,7.97,83014.0,,1.3597033374536327,002115.SZ,002115,2020-10-20,8.09,1.3597033374536327,0.0,1,3,0.0,0.0,0.0,0.0
2020-10-21,8.2,8.12,8.2,8.04,61333.0,,-0.9756097560975618,002115.SZ,002115,2020-10-21,8.2,-0.9756097560975618,0.0,1,3,0.0,0.0,0.0,0.0
2020-10-22,8.08,8.0,8.1,7.98,44872.0,,-1.477832512315258,002115.SZ,002115,2020-10-22,8.12,-1.477832512315258,0.0,1,3,0.0,0.0,0.0,0.0
2020-10-23,8.01,7.85,8.03,7.83,49633.0,,-1.8750000000000044,002115.SZ,002115,2020-10-23,8.0,-1.8750000000000044,0.0,1,3,0.0,0.0,0.0,0.0
2020-10-26,7.82,7.8,7.87,7.74,27182.0,,-0.6369426751592355,002115.SZ,002115,2020-10-26,7.85,-0.6369426751592355,0.0,1,3,0.0,0.0,0.0,0.0
2020-10-27,7.75,7.76,7.82,7.7,40348.0,,-0.512820512820511,002115.SZ,002115,2020-10-27,7.8,-0.512820512820511,0.0,1,3,0.0,0.0,0.0,0.0
2020-10-28,7.75,7.74,7.8,7.59,48027.0,,-0.2577319587628857,002115.SZ,002115,2020-10-28,7.76,-0.2577319587628857,0.0,1,3,0.0,0.0,0.0,0.0
2020-10-29,7.68,7.67,7.72,7.61,36105.0,,-0.9043927648578864,002115.SZ,002115,2020-10-29,7.74,-0.9043927648578864,0.0,1,3,0.0,0.0,0.0,0.0
2020-10-30,7.72,7.39,7.72,7.3,72498.0,,-3.6505867014341664,002115.SZ,002115,2020-10-30,7.67,-3.6505867014341664,0.0,1,3,0.0,0.0,0.0,0.0
2020-11-02,7.5,7.4,7.55,7.28,42232.0,,0.13531799729364913,002115.SZ,002115,2020-11-02,7.39,0.13531799729364913,0.0,1,3,0.0,0.0,0.0,0.0
2020-11-03,7.28,7.49,7.55,7.28,41491.0,,1.216216216216215,002115.SZ,002115,2020-11-03,7.4,1.216216216216215,0.0,1,3,0.0,0.0,0.0,0.0
2020-11-04,7.5,7.36,7.52,7.35,36717.0,,-1.735647530040052,002115.SZ,002115,2020-11-04,7.49,-1.735647530040052,0.0,1,3,0.0,0.0,0.0,0.0
2020-11-05,7.39,7.65,7.69,7.39,88181.0,,3.940217391304346,002115.SZ,002115,2020-11-05,7.36,3.940217391304346,0.0,1,3,0.0,0.0,0.0,0.0
2020-11-06,7.7,7.65,7.74,7.61,53442.0,,0.0,002115.SZ,002115,2020-11-06,7.65,0.0,0.0,1,3,0.0,0.0,0.0,0.0
2020-11-09,7.69,7.79,7.82,7.65,78439.0,,1.8300653594771177,002115.SZ,002115,2020-11-09,7.65,1.8300653594771177,0.0,1,3,0.0,0.0,0.0,0.0
2020-11-10,7.84,7.7,7.87,7.68,60920.0,,-1.1553273427471145,002115.SZ,002115,2020-11-10,7.79,-1.1553273427471145,0.0,1,3,0.0,0.0,0.0,0.0
2020-11-11,7.69,7.53,7.69,7.51,51038.0,,-2.207792207792203,002115.SZ,002115,2020-11-11,7.7,-2.207792207792203,0.0,1,3,0.0,0.0,0.0,0.0
2020-11-12,7.53,7.47,7.6,7.44,29670.0,,-0.7968127490039945,002115.SZ,002115,2020-11-12,7.53,-0.7968127490039945,0.0,1,3,0.0,0.0,0.0,0.0
2020-11-13,7.47,7.5,7.53,7.39,25745.0,,0.40160642570281624,002115.SZ,002115,2020-11-13,7.47,0.40160642570281624,0.0,1,3,0.0,0.0,0.0,0.0
2020-11-16,7.51,7.62,7.66,7.46,45854.0,,1.6000000000000014,002115.SZ,002115,2020-11-16,7.5,1.6000000000000014,0.0,1,3,0.0,0.0,0.0,0.0
2020-11-17,7.62,7.8,8.04,7.45,119531.0,,2.3622047244094446,002115.SZ,002115,2020-11-17,7.62,2.3622047244094446,0.0,1,3,0.0,0.0,0.0,0.0
2020-11-18,7.75,7.75,7.8,7.64,79874.0,,-0.6410256410256387,002115.SZ,002115,2020-11-18,7.8,-0.6410256410256387,0.0,1,3,0.0,0.0,0.0,0.0
2020-11-19,7.75,7.8,7.86,7.67,63396.0,,0.6451612903225712,002115.SZ,002115,2020-11-19,7.75,0.6451612903225712,0.0,1,3,0.0,0.0,0.0,0.0
2020-11-20,7.79,7.73,7.83,7.69,48426.0,,-0.8974358974358942,002115.SZ,002115,2020-11-20,7.8,-0.8974358974358942,0.0,1,3,0.0,0.0,0.0,0.0
2020-11-23,7.73,7.67,7.73,7.63,47654.0,,-0.7761966364812523,002115.SZ,002115,2020-11-23,7.73,-0.7761966364812523,0.0,1,3,0.0,0.0,0.0,0.0
2020-11-24,7.67,7.67,7.72,7.64,35158.0,,0.0,002115.SZ,002115,2020-11-24,7.67,0.0,0.0,1,3,0.0,0.0,0.0,0.0
2020-11-25,7.69,7.71,7.84,7.66,67713.0,,0.5215123859191761,002115.SZ,002115,2020-11-25,7.67,0.5215123859191761,0.0,1,3,0.0,0.0,0.0,0.0
2020-11-26,7.69,7.64,7.74,7.6,38660.0,,-0.907911802853445,002115.SZ,002115,2020-11-26,7.71,-0.907911802853445,0.0,1,3,0.0,0.0,0.0,0.0
2020-11-27,7.64,7.58,7.67,7.47,44520.0,,-0.7853403141361182,002115.SZ,002115,2020-11-27,7.64,-0.7853403141361182,0.0,1,3,0.0,0.0,0.0,0.0
2020-11-30,7.47,7.28,7.5,7.25,133190.0,,-3.95778364116095,002115.SZ,002115,2020-11-30,7.58,-3.95778364116095,0.0,1,3,0.0,0.0,0.0,0.0
2020-12-01,7.28,7.32,7.34,7.26,46368.0,,0.5494505494505475,002115.SZ,002115,2020-12-01,7.28,0.5494505494505475,0.0,1,3,0.0,0.0,0.0,0.0
2020-12-02,7.31,7.36,7.41,7.29,59392.0,,0.5464480874316946,002115.SZ,002115,2020-12-02,7.32,0.5464480874316946,0.0,1,3,0.0,0.0,0.0,0.0
2020-12-03,7.36,7.31,7.36,7.29,36798.0,,-0.6793478260869623,002115.SZ,002115,2020-12-03,7.36,-0.6793478260869623,0.0,1,3,0.0,0.0,0.0,0.0
2020-12-04,7.31,7.3,7.35,7.28,31856.0,,-0.1367989056087482,002115.SZ,002115,2020-12-04,7.31,-0.1367989056087482,0.0,1,3,0.0,0.0,0.0,0.0
2020-12-07,7.3,7.28,7.33,7.26,40911.0,,-0.2739726027397249,002115.SZ,002115,2020-12-07,7.3,-0.2739726027397249,0.0,1,3,0.0,0.0,0.0,0.0
2020-12-08,7.28,7.01,7.28,7.0,149199.0,,-3.708791208791218,002115.SZ,002115,2020-12-08,7.28,-3.708791208791218,0.0,1,3,0.0,0.0,0.0,0.0
2020-12-09,7.05,6.92,7.06,6.91,64271.0,,-1.2838801711840153,002115.SZ,002115,2020-12-09,7.01,-1.2838801711840153,0.0,1,3,0.0,0.0,0.0,0.0
2020-12-10,6.92,6.74,6.93,6.73,75339.0,,-2.6011560693641522,002115.SZ,002115,2020-12-10,6.92,-2.6011560693641522,0.0,1,3,0.0,0.0,0.0,0.0
2020-12-11,6.74,6.56,6.78,6.49,79369.0,,-2.670623145400597,002115.SZ,002115,2020-12-11,6.74,-2.670623145400597,0.0,1,3,0.0,0.0,0.0,0.0
2020-12-14,6.57,6.59,6.61,6.49,40707.0,,0.45731707317073766,002115.SZ,002115,2020-12-14,6.56,0.45731707317073766,0.0,1,3,0.0,0.0,0.0,0.0
2020-12-15,6.6,6.67,6.7,6.56,38599.0,,1.2139605462822445,002115.SZ,002115,2020-12-15,6.59,1.2139605462822445,0.0,1,3,0.0,0.0,0.0,0.0
2020-12-16,6.73,6.53,6.73,6.51,35298.0,,-2.0989505247376306,002115.SZ,002115,2020-12-16,6.67,-2.0989505247376306,0.0,1,3,0.0,0.0,0.0,0.0
2020-12-17,6.57,6.63,6.64,6.34,62193.0,,1.5313935681469992,002115.SZ,002115,2020-12-17,6.53,1.5313935681469992,0.0,1,3,0.0,0.0,0.0,0.0
2020-12-18,6.63,6.35,6.64,6.33,85281.0,,-4.2232277526395245,002115.SZ,002115,2020-12-18,6.63,-4.2232277526395245,0.0,1,3,0.0,0.0,0.0,0.0
2020-12-21,6.33,6.35,6.44,6.25,47555.0,,0.0,002115.SZ,002115,2020-12-21,6.35,0.0,0.0,1,3,0.0,0.0,0.0,0.0
2020-12-22,6.34,6.16,6.37,6.14,65457.0,,-2.9921259842519587,002115.SZ,002115,2020-12-22,6.35,-2.9921259842519587,0.0,1,3,0.0,0.0,0.0,0.0
2020-12-23,6.16,6.09,6.2,6.06,56594.0,,-1.1363636363636465,002115.SZ,002115,2020-12-23,6.16,-1.1363636363636465,0.0,1,3,0.0,0.0,0.0,0.0
2021-01-06,6.03,6.38,6.7,6.03,252231.0,,4.761904761904767,002115.SZ,002115,2021-01-06,6.09,4.761904761904767,0.0,1,3,0.0,0.0,0.0,0.0
2021-01-07,6.01,5.74,6.12,5.74,252789.0,,-10.031347962382442,002115.SZ,002115,2021-01-07,6.38,-10.031347962382442,0.0,1,3,0.0,0.0,0.0,0.0
2021-01-08,5.6,5.63,5.8,5.38,137246.0,,-1.9163763066202155,002115.SZ,002115,2021-01-08,5.74,-1.9163763066202155,0.0,1,3,0.0,0.0,0.0,0.0
2021-01-11,5.56,5.64,5.73,5.52,93024.0,,0.1776198934280604,002115.SZ,002115,2021-01-11,5.63,0.1776198934280604,0.0,1,3,0.0,0.0,0.0,0.0
2021-01-12,5.63,5.64,5.75,5.58,78588.0,,0.0,002115.SZ,002115,2021-01-12,5.64,0.0,0.0,1,3,0.0,0.0,0.0,0.0
2021-01-13,5.63,5.41,5.63,5.35,111886.0,,-4.07801418439716,002115.SZ,002115,2021-01-13,5.64,-4.07801418439716,0.0,1,3,0.0,0.0,0.0,0.0
2021-01-14,5.4,5.5,5.57,5.36,113682.0,,1.6635859519408491,002115.SZ,002115,2021-01-14,5.41,1.6635859519408491,0.0,1,3,0.0,0.0,0.0,0.0
2021-01-15,5.55,5.74,5.79,5.5,128350.0,,4.3636363636363695,002115.SZ,002115,2021-01-15,5.5,4.3636363636363695,0.0,1,3,0.0,0.0,0.0,0.0
2021-01-18,5.73,5.91,5.97,5.7,102597.0,,2.961672473867605,002115.SZ,002115,2021-01-18,5.74,2.961672473867605,0.0,1,3,0.0,0.0,0.0,0.0
2021-01-19,5.91,6.02,6.12,5.9,136791.0,,1.8612521150592087,002115.SZ,002115,2021-01-19,5.91,1.8612521150592087,0.0,1,3,0.0,0.0,0.0,0.0
2021-01-20,6.05,5.98,6.06,5.93,72973.0,,-0.6644518272425071,002115.SZ,002115,2021-01-20,6.02,-0.6644518272425071,0.0,1,3,0.0,0.0,0.0,0.0
2021-01-21,6.01,6.0,6.08,5.94,74889.0,,0.33444816053511683,002115.SZ,002115,2021-01-21,5.98,0.33444816053511683,0.0,1,3,0.0,0.0,0.0,0.0
2021-01-22,5.93,5.88,5.99,5.81,68918.0,,-2.0000000000000018,002115.SZ,002115,2021-01-22,6.0,-2.0000000000000018,0.0,1,3,0.0,0.0,0.0,0.0
2021-01-25,5.84,5.64,5.85,5.6,82512.0,,-4.081632653061229,002115.SZ,002115,2021-01-25,5.88,-4.081632653061229,0.0,1,3,0.0,0.0,0.0,0.0
2021-01-26,5.58,5.57,5.78,5.55,55083.0,,-1.241134751773043,002115.SZ,002115,2021-01-26,5.64,-1.241134751773043,0.0,1,3,0.0,0.0,0.0,0.0
2021-01-27,5.56,5.64,5.69,5.52,50557.0,,1.2567324955116588,002115.SZ,002115,2021-01-27,5.57,1.2567324955116588,0.0,1,3,0.0,0.0,0.0,0.0
2021-01-28,5.62,5.68,5.87,5.59,92046.0,,0.7092198581560183,002115.SZ,002115,2021-01-28,5.64,0.7092198581560183,0.0,1,3,0.0,0.0,0.0,0.0
2021-01-29,5.65,5.52,5.75,5.4,85045.0,,-2.8169014084507116,002115.SZ,002115,2021-01-29,5.68,-2.8169014084507116,0.0,1,3,0.0,0.0,0.0,0.0
2021-02-01,5.43,5.56,5.58,5.38,71828.0,,0.7246376811594235,002115.SZ,002115,2021-02-01,5.52,0.7246376811594235,0.0,1,3,0.0,0.0,0.0,0.0
2021-02-02,5.47,5.51,5.59,5.46,47712.0,,-0.8992805755395628,002115.SZ,002115,2021-02-02,5.56,-0.8992805755395628,0.0,1,3,0.0,0.0,0.0,0.0
2021-02-03,5.46,5.39,5.53,5.35,54958.0,,-2.177858439201452,002115.SZ,002115,2021-02-03,5.51,-2.177858439201452,0.0,1,3,0.0,0.0,0.0,0.0
2021-02-04,5.36,5.04,5.39,4.95,109659.0,,-6.493506493506485,002115.SZ,002115,2021-02-04,5.39,-6.493506493506485,0.0,1,3,0.0,0.0,0.0,0.0
2021-02-05,5.05,5.01,5.27,4.97,74501.0,,-0.5952380952381042,002115.SZ,002115,2021-02-05,5.04,-0.5952380952381042,0.0,1,3,0.0,0.0,0.0,0.0
2021-02-08,5.03,4.91,5.03,4.85,52943.0,,-1.9960079840319334,002115.SZ,002115,2021-02-08,5.01,-1.9960079840319334,0.0,1,3,0.0,0.0,0.0,0.0
2021-02-09,4.88,4.94,4.97,4.79,74565.0,,0.6109979633401208,002115.SZ,002115,2021-02-09,4.91,0.6109979633401208,0.0,1,3,0.0,0.0,0.0,0.0
2021-02-10,4.94,4.99,5.09,4.89,53605.0,,1.0121457489878471,002115.SZ,002115,2021-02-10,4.94,1.0121457489878471,0.0,1,3,0.0,0.0,0.0,0.0
2021-02-18,5.05,5.25,5.31,5.05,93006.0,,5.210420841683372,002115.SZ,002115,2021-02-18,4.99,5.210420841683372,0.0,1,3,0.0,0.0,0.0,0.0
2021-02-19,5.27,5.48,5.51,5.24,105664.0,,4.3809523809523965,002115.SZ,002115,2021-02-19,5.25,4.3809523809523965,0.0,1,3,0.0,0.0,0.0,0.0
2021-02-22,5.49,5.64,5.76,5.49,125956.0,,2.9197080291970767,002115.SZ,002115,2021-02-22,5.48,2.9197080291970767,0.0,1,3,0.0,0.0,0.0,0.0
2021-02-23,5.65,5.5,5.7,5.47,79721.0,,-2.4822695035460973,002115.SZ,002115,2021-02-23,5.64,-2.4822695035460973,0.0,1,3,0.0,0.0,0.0,0.0
2021-02-24,5.51,5.58,5.67,5.51,80935.0,,1.454545454545464,002115.SZ,002115,2021-02-24,5.5,1.454545454545464,0.0,1,3,0.0,0.0,0.0,0.0
2021-02-25,5.58,5.55,5.65,5.52,83204.0,,-0.5376344086021501,002115.SZ,002115,2021-02-25,5.58,-0.5376344086021501,0.0,1,3,0.0,0.0,0.0,0.0
2021-02-26,5.49,5.64,5.74,5.46,109391.0,,1.6216216216216273,002115.SZ,002115,2021-02-26,5.55,1.6216216216216273,0.0,1,3,0.0,0.0,0.0,0.0
2021-03-01,5.64,5.72,5.73,5.61,73579.0,,1.4184397163120588,002115.SZ,002115,2021-03-01,5.64,1.4184397163120588,0.0,1,3,0.0,0.0,0.0,0.0
2021-03-02,5.75,5.65,5.75,5.61,59527.0,,-1.2237762237762184,002115.SZ,002115,2021-03-02,5.72,-1.2237762237762184,0.0,1,3,0.0,0.0,0.0,0.0
2021-03-03,5.64,5.66,5.72,5.58,57012.0,,0.1769911504424737,002115.SZ,002115,2021-03-03,5.65,0.1769911504424737,0.0,1,3,0.0,0.0,0.0,0.0
2021-03-04,5.65,5.58,5.71,5.57,61922.0,,-1.4134275618374548,002115.SZ,002115,2021-03-04,5.66,-1.4134275618374548,0.0,1,3,0.0,0.0,0.0,0.0
2021-03-05,5.58,5.74,5.76,5.55,93406.0,,2.8673835125448077,002115.SZ,002115,2021-03-05,5.58,2.8673835125448077,0.0,1,3,0.0,0.0,0.0,0.0
2021-03-08,5.77,5.73,5.85,5.71,75075.0,,-0.17421602787456303,002115.SZ,002115,2021-03-08,5.74,-0.17421602787456303,0.0,1,3,0.0,0.0,0.0,0.0
2021-03-09,5.71,5.61,5.77,5.48,89744.0,,-2.0942408376963373,002115.SZ,002115,2021-03-09,5.73,-2.0942408376963373,0.0,1,3,0.0,0.0,0.0,0.0
2021-03-10,5.65,5.48,5.68,5.46,68506.0,,-2.317290552584672,002115.SZ,002115,2021-03-10,5.61,-2.317290552584672,0.0,1,3,0.0,0.0,0.0,0.0
2021-03-11,5.45,5.53,5.54,5.34,50750.0,,0.9124087591240837,002115.SZ,002115,2021-03-11,5.48,0.9124087591240837,0.0,1,3,0.0,0.0,0.0,0.0
2021-03-12,5.53,5.4,5.53,5.37,60392.0,,-2.3508137432188048,002115.SZ,002115,2021-03-12,5.53,-2.3508137432188048,0.0,1,3,0.0,0.0,0.0,0.0
2021-03-15,5.38,5.34,5.44,5.28,54394.0,,-1.1111111111111183,002115.SZ,002115,2021-03-15,5.4,-1.1111111111111183,0.0,1,3,0.0,0.0,0.0,0.0
2021-03-16,5.35,5.57,5.61,5.35,98551.0,,4.307116104868913,002115.SZ,002115,2021-03-16,5.34,4.307116104868913,0.0,1,3,0.0,0.0,0.0,0.0
2021-03-17,5.59,5.52,5.65,5.49,56283.0,,-0.8976660682226356,002115.SZ,002115,2021-03-17,5.57,-0.8976660682226356,0.0,1,3,0.0,0.0,0.0,0.0
2021-03-18,5.53,5.4,5.53,5.38,64976.0,,-2.1739130434782483,002115.SZ,002115,2021-03-18,5.52,-2.1739130434782483,0.0,1,3,0.0,0.0,0.0,0.0
2021-03-19,5.35,5.34,5.44,5.32,49163.0,,-1.1111111111111183,002115.SZ,002115,2021-03-19,5.4,-1.1111111111111183,0.0,1,3,0.0,0.0,0.0,0.0
2021-03-22,5.34,5.38,5.39,5.29,50016.0,,0.7490636704119868,002115.SZ,002115,2021-03-22,5.34,0.7490636704119868,0.0,1,3,0.0,0.0,0.0,0.0
2021-03-23,5.38,5.28,5.41,5.26,56657.0,,-1.8587360594795488,002115.SZ,002115,2021-03-23,5.38,-1.8587360594795488,0.0,1,3,0.0,0.0,0.0,0.0
2021-03-24,5.28,5.2,5.32,5.19,48922.0,,-1.5151515151515138,002115.SZ,002115,2021-03-24,5.28,-1.5151515151515138,0.0,1,3,0.0,0.0,0.0,0.0
2021-03-25,5.2,5.22,5.3,5.15,44212.0,,0.38461538461538325,002115.SZ,002115,2021-03-25,5.2,0.38461538461538325,0.0,1,3,0.0,0.0,0.0,0.0
2021-03-26,5.21,5.27,5.28,5.15,39778.0,,0.9578544061302541,002115.SZ,002115,2021-03-26,5.22,0.9578544061302541,0.0,1,3,0.0,0.0,0.0,0.0
2021-03-29,5.29,5.26,5.3,5.22,38379.0,,-0.1897533206831059,002115.SZ,002115,2021-03-29,5.27,-0.1897533206831059,0.0,1,3,0.0,0.0,0.0,0.0
2021-03-30,5.22,5.13,5.26,5.11,50834.0,,-2.4714828897338337,002115.SZ,002115,2021-03-30,5.26,-2.4714828897338337,0.0,1,3,0.0,0.0,0.0,0.0
2021-03-31,5.12,5.13,5.18,5.1,36904.0,,0.0,002115.SZ,002115,2021-03-31,5.13,0.0,0.0,1,3,0.0,0.0,0.0,0.0
2021-04-01,5.14,5.15,5.17,5.1,30432.0,,0.3898635477582957,002115.SZ,002115,2021-04-01,5.13,0.3898635477582957,0.0,1,3,0.0,0.0,0.0,0.0
2021-04-02,5.15,5.21,5.23,5.13,41109.0,,1.1650485436893065,002115.SZ,002115,2021-04-02,5.15,1.1650485436893065,0.0,1,3,0.0,0.0,0.0,0.0
2021-04-06,5.24,5.3,5.34,5.17,67180.0,,1.7274472168905985,002115.SZ,002115,2021-04-06,5.21,1.7274472168905985,0.0,1,3,0.0,0.0,0.0,0.0
2021-04-07,5.31,5.33,5.35,5.27,45988.0,,0.5660377358490676,002115.SZ,002115,2021-04-07,5.3,0.5660377358490676,0.0,1,3,0.0,0.0,0.0,0.0
2021-04-08,5.33,5.28,5.39,5.27,58899.0,,-0.9380863039399556,002115.SZ,002115,2021-04-08,5.33,-0.9380863039399556,0.0,1,3,0.0,0.0,0.0,0.0
2021-04-09,5.27,5.26,5.3,5.23,38724.0,,-0.37878787878788955,002115.SZ,002115,2021-04-09,5.28,-0.37878787878788955,0.0,1,3,0.0,0.0,0.0,0.0
2021-04-12,5.27,5.35,5.38,5.23,66729.0,,1.7110266159695797,002115.SZ,002115,2021-04-12,5.26,1.7110266159695797,0.0,1,3,0.0,0.0,0.0,0.0
2021-04-13,5.34,5.14,5.34,5.12,85086.0,,-3.9252336448598157,002115.SZ,002115,2021-04-13,5.35,-3.9252336448598157,0.0,1,3,0.0,0.0,0.0,0.0
2021-04-14,5.14,5.24,5.25,5.11,48705.0,,1.945525291828809,002115.SZ,002115,2021-04-14,5.14,1.945525291828809,0.0,1,3,0.0,0.0,0.0,0.0
2021-04-15,5.26,5.31,5.38,5.23,73152.0,,1.3358778625954137,002115.SZ,002115,2021-04-15,5.24,1.3358778625954137,0.0,1,3,0.0,0.0,0.0,0.0
2021-04-16,5.34,5.53,5.57,5.29,149478.0,,4.143126177024503,002115.SZ,002115,2021-04-16,5.31,4.143126177024503,0.0,1,3,0.0,0.0,0.0,0.0
2021-04-19,5.56,5.55,5.6,5.52,100500.0,,0.3616636528028794,002115.SZ,002115,2021-04-19,5.53,0.3616636528028794,0.0,1,3,0.0,0.0,0.0,0.0
2021-04-20,5.58,5.48,5.58,5.47,57717.0,,-1.2612612612612484,002115.SZ,002115,2021-04-20,5.55,-1.2612612612612484,0.0,1,3,0.0,0.0,0.0,0.0
2021-04-21,5.46,5.51,5.62,5.41,105974.0,,0.5474452554744325,002115.SZ,002115,2021-04-21,5.48,0.5474452554744325,0.0,1,3,0.0,0.0,0.0,0.0
2021-04-22,5.51,5.52,5.59,5.47,56783.0,,0.1814882032667775,002115.SZ,002115,2021-04-22,5.51,0.1814882032667775,0.0,1,3,0.0,0.0,0.0,0.0
2021-04-23,5.51,5.43,5.52,5.36,74240.0,,-1.6304347826086918,002115.SZ,002115,2021-04-23,5.52,-1.6304347826086918,0.0,1,3,0.0,0.0,0.0,0.0
2021-04-26,5.43,5.33,5.44,5.31,53613.0,,-1.8416206261510082,002115.SZ,002115,2021-04-26,5.43,-1.8416206261510082,0.0,1,3,0.0,0.0,0.0,0.0
2021-04-27,5.33,5.25,5.35,5.21,51101.0,,-1.5009380863039379,002115.SZ,002115,2021-04-27,5.33,-1.5009380863039379,0.0,1,3,0.0,0.0,0.0,0.0
2021-04-28,5.25,5.25,5.29,5.21,31050.0,,0.0,002115.SZ,002115,2021-04-28,5.25,0.0,0.0,1,3,0.0,0.0,0.0,0.0
2021-04-29,5.25,5.29,5.37,5.24,48673.0,,0.7619047619047636,002115.SZ,002115,2021-04-29,5.25,0.7619047619047636,0.0,1,3,0.0,0.0,0.0,0.0
2021-04-30,5.28,5.3,5.33,5.21,66819.0,,0.1890359168241984,002115.SZ,002115,2021-04-30,5.29,0.1890359168241984,0.0,1,3,0.0,0.0,0.0,0.0
2021-05-06,5.32,5.48,5.5,5.25,97038.0,,3.396226415094361,002115.SZ,002115,2021-05-06,5.3,3.396226415094361,0.0,1,3,0.0,0.0,0.0,0.0
2021-05-07,5.43,5.48,5.54,5.42,68095.0,,0.0,002115.SZ,002115,2021-05-07,5.48,0.0,0.0,1,3,0.0,0.0,0.0,0.0
2021-05-10,5.44,5.58,5.58,5.43,92979.0,,1.8248175182481674,002115.SZ,002115,2021-05-10,5.48,1.8248175182481674,0.0,1,3,0.0,0.0,0.0,0.0
2021-05-11,5.58,5.48,5.65,5.44,107866.0,,-1.7921146953404965,002115.SZ,002115,2021-05-11,5.58,-1.7921146953404965,0.0,1,3,0.0,0.0,0.0,0.0
2021-05-12,5.45,5.61,5.61,5.41,96315.0,,2.372262773722622,002115.SZ,002115,2021-05-12,5.48,2.372262773722622,0.0,1,3,0.0,0.0,0.0,0.0
2021-05-13,5.6,5.57,5.63,5.51,75785.0,,-0.7130124777183555,002115.SZ,002115,2021-05-13,5.61,-0.7130124777183555,0.0,1,3,0.0,0.0,0.0,0.0
2021-05-14,5.56,5.64,5.64,5.54,91602.0,,1.2567324955116588,002115.SZ,002115,2021-05-14,5.57,1.2567324955116588,0.0,1,3,0.0,0.0,0.0,0.0
2021-05-17,5.65,5.52,5.67,5.49,85450.0,,-2.127659574468088,002115.SZ,002115,2021-05-17,5.64,-2.127659574468088,0.0,1,3,0.0,0.0,0.0,0.0
2021-05-18,5.51,5.55,5.56,5.49,49784.0,,0.5434782608695787,002115.SZ,002115,2021-05-18,5.52,0.5434782608695787,0.0,1,3,0.0,0.0,0.0,0.0
2021-05-19,5.55,5.45,5.58,5.44,69967.0,,-1.8018018018017945,002115.SZ,002115,2021-05-19,5.55,-1.8018018018017945,0.0,1,3,0.0,0.0,0.0,0.0
2021-05-20,5.44,5.52,5.54,5.4,72194.0,,1.284403669724754,002115.SZ,002115,2021-05-20,5.45,1.284403669724754,0.0,1,3,0.0,0.0,0.0,0.0
2021-05-21,5.52,5.52,5.61,5.49,60622.0,,0.0,002115.SZ,002115,2021-05-21,5.52,0.0,0.0,1,3,0.0,0.0,0.0,0.0
2021-05-24,5.5,5.64,5.64,5.47,88585.0,,2.1739130434782705,002115.SZ,002115,2021-05-24,5.52,2.1739130434782705,0.0,1,3,0.0,0.0,0.0,0.0
2021-05-25,5.62,5.65,5.66,5.57,76950.0,,0.17730496453902678,002115.SZ,002115,2021-05-25,5.64,0.17730496453902678,0.0,1,3,0.0,0.0,0.0,0.0
2021-05-26,5.65,5.69,5.82,5.62,128046.0,,0.707964601769917,002115.SZ,002115,2021-05-26,5.65,0.707964601769917,0.0,1,3,0.0,0.0,0.0,0.0
2021-05-27,5.67,6.0,6.02,5.66,278409.0,,5.448154657293491,002115.SZ,002115,2021-05-27,5.69,5.448154657293491,0.0,1,3,0.0,0.0,0.0,0.0
2021-05-28,5.98,6.25,6.38,5.83,421575.0,,4.166666666666674,002115.SZ,002115,2021-05-28,6.0,4.166666666666674,0.0,1,3,0.0,0.0,0.0,0.0
2021-05-31,6.22,6.29,6.34,6.14,266322.0,,0.6399999999999961,002115.SZ,002115,2021-05-31,6.25,0.6399999999999961,0.0,1,3,0.0,0.0,0.0,0.0
2021-06-01,6.25,6.18,6.25,6.11,182181.0,,-1.748807631160576,002115.SZ,002115,2021-06-01,6.29,-1.748807631160576,0.0,1,3,0.0,0.0,0.0,0.0
2021-06-02,6.15,5.98,6.16,5.96,198051.0,,-3.2362459546925404,002115.SZ,002115,2021-06-02,6.18,-3.2362459546925404,0.0,1,3,0.0,0.0,0.0,0.0
2021-06-03,5.91,5.91,6.06,5.82,188696.0,,-1.170568561872909,002115.SZ,002115,2021-06-03,5.98,-1.170568561872909,0.0,1,3,0.0,0.0,0.0,0.0
2021-06-04,5.85,5.92,6.07,5.84,139405.0,,0.16920473773265332,002115.SZ,002115,2021-06-04,5.91,0.16920473773265332,0.0,1,3,0.0,0.0,0.0,0.0
2021-06-07,5.9,6.03,6.03,5.88,118783.0,,1.858108108108114,002115.SZ,002115,2021-06-07,5.92,1.858108108108114,0.0,1,3,0.0,0.0,0.0,0.0
2021-06-08,6.03,6.05,6.07,5.88,150145.0,,0.3316749585406287,002115.SZ,002115,2021-06-08,6.03,0.3316749585406287,0.0,1,3,0.0,0.0,0.0,0.0
2021-06-09,6.04,6.02,6.15,5.98,127224.0,,-0.49586776859504855,002115.SZ,002115,2021-06-09,6.05,-0.49586776859504855,0.0,1,3,0.0,0.0,0.0,0.0
2021-06-10,6.06,6.22,6.24,6.03,223689.0,,3.322259136212624,002115.SZ,002115,2021-06-10,6.02,3.322259136212624,0.0,1,3,0.0,0.0,0.0,0.0
2021-06-11,6.34,5.97,6.34,5.96,208055.0,,-4.0192926045016115,002115.SZ,002115,2021-06-11,6.22,-4.0192926045016115,0.0,1,3,0.0,0.0,0.0,0.0
2021-06-15,5.97,5.93,6.07,5.93,105158.0,,-0.670016750418756,002115.SZ,002115,2021-06-15,5.97,-0.670016750418756,0.0,1,3,0.0,0.0,0.0,0.0
2021-06-16,5.94,5.84,6.03,5.83,110229.0,,-1.5177065767284947,002115.SZ,002115,2021-06-16,5.93,-1.5177065767284947,0.0,1,3,0.0,0.0,0.0,0.0
2021-06-17,5.81,5.91,5.95,5.79,83707.0,,1.1986301369863117,002115.SZ,002115,2021-06-17,5.84,1.1986301369863117,0.0,1,3,0.0,0.0,0.0,0.0
2021-06-18,5.9,6.08,6.1,5.84,131193.0,,2.876480541455151,002115.SZ,002115,2021-06-18,5.91,2.876480541455151,0.0,1,3,0.0,0.0,0.0,0.0
2021-06-21,6.07,6.11,6.12,6.01,107529.0,,0.49342105263159297,002115.SZ,002115,2021-06-21,6.08,0.49342105263159297,0.0,1,3,0.0,0.0,0.0,0.0
2021-06-22,6.11,5.97,6.15,5.95,114573.0,,-2.2913256955810257,002115.SZ,002115,2021-06-22,6.11,-2.2913256955810257,0.0,1,3,0.0,0.0,0.0,0.0
2021-06-23,5.93,5.95,5.97,5.86,84007.0,,-0.335008375209378,002115.SZ,002115,2021-06-23,5.97,-0.335008375209378,0.0,1,3,0.0,0.0,0.0,0.0
2021-06-24,5.96,5.78,5.96,5.75,96085.0,,-2.857142857142858,002115.SZ,002115,2021-06-24,5.95,-2.857142857142858,0.0,1,3,0.0,0.0,0.0,0.0
2021-06-25,5.78,5.73,5.78,5.65,93657.0,,-0.865051903114189,002115.SZ,002115,2021-06-25,5.78,-0.865051903114189,0.0,1,3,0.0,0.0,0.0,0.0
2021-06-28,5.73,5.8,5.81,5.68,69058.0,,1.2216404886561838,002115.SZ,002115,2021-06-28,5.73,1.2216404886561838,0.0,1,3,0.0,0.0,0.0,0.0
2021-06-29,5.81,5.68,5.81,5.67,60874.0,,-2.0689655172413834,002115.SZ,002115,2021-06-29,5.8,-2.0689655172413834,0.0,1,3,0.0,0.0,0.0,0.0
2021-06-30,5.68,5.71,5.72,5.65,58078.0,,0.5281690140845008,002115.SZ,002115,2021-06-30,5.68,0.5281690140845008,0.0,1,3,0.0,0.0,0.0,0.0
2021-07-01,5.85,5.66,5.86,5.63,100339.0,,-0.8756567425569184,002115.SZ,002115,2021-07-01,5.71,-0.8756567425569184,0.0,1,3,0.0,0.0,0.0,0.0
2021-07-02,5.55,5.58,5.66,5.51,66992.0,,-1.4134275618374548,002115.SZ,002115,2021-07-02,5.66,-1.4134275618374548,0.0,1,3,0.0,0.0,0.0,0.0
2021-07-05,5.56,5.74,5.75,5.56,73990.0,,2.8673835125448077,002115.SZ,002115,2021-07-05,5.58,2.8673835125448077,0.0,1,3,0.0,0.0,0.0,0.0
2021-07-06,5.71,5.71,5.73,5.65,52369.0,,-0.5226480836237002,002115.SZ,002115,2021-07-06,5.74,-0.5226480836237002,0.0,1,3,0.0,0.0,0.0,0.0
2021-07-07,5.71,5.65,5.73,5.62,55472.0,,-1.0507880910682998,002115.SZ,002115,2021-07-07,5.71,-1.0507880910682998,0.0,1,3,0.0,0.0,0.0,0.0
2021-07-08,5.66,5.56,5.68,5.54,70382.0,,-1.592920353982319,002115.SZ,002115,2021-07-08,5.65,-1.592920353982319,0.0,1,3,0.0,0.0,0.0,0.0
2021-07-09,5.54,5.6,5.6,5.5,48957.0,,0.7194244604316502,002115.SZ,002115,2021-07-09,5.56,0.7194244604316502,0.0,1,3,0.0,0.0,0.0,0.0
2021-07-12,5.6,5.78,5.79,5.6,126677.0,,3.214285714285725,002115.SZ,002115,2021-07-12,5.6,3.214285714285725,0.0,1,3,0.0,0.0,0.0,0.0
2021-07-13,5.81,5.81,5.83,5.74,99788.0,,0.519031141868509,002115.SZ,002115,2021-07-13,5.78,0.519031141868509,0.0,1,3,0.0,0.0,0.0,0.0
2021-07-14,5.8,5.67,5.8,5.67,83227.0,,-2.409638554216864,002115.SZ,002115,2021-07-14,5.81,-2.409638554216864,0.0,1,3,0.0,0.0,0.0,0.0
2021-07-15,5.67,5.57,5.7,5.52,78816.0,,-1.7636684303350858,002115.SZ,002115,2021-07-15,5.67,-1.7636684303350858,0.0,1,3,0.0,0.0,0.0,0.0
2021-07-16,5.55,5.53,5.62,5.52,72857.0,,-0.7181328545781018,002115.SZ,002115,2021-07-16,5.57,-0.7181328545781018,0.0,1,3,0.0,0.0,0.0,0.0
2021-07-19,5.5,5.39,5.5,5.32,113701.0,,-2.5316455696202667,002115.SZ,002115,2021-07-19,5.53,-2.5316455696202667,0.0,1,3,0.0,0.0,0.0,0.0
2021-07-20,5.35,5.39,5.4,5.29,83391.0,,0.0,002115.SZ,002115,2021-07-20,5.39,0.0,0.0,1,3,0.0,0.0,0.0,0.0
2021-07-21,5.38,5.36,5.45,5.36,92209.0,,-0.5565862708719727,002115.SZ,002115,2021-07-21,5.39,-0.5565862708719727,0.0,1,3,0.0,0.0,0.0,0.0
2021-07-22,5.37,5.46,5.46,5.34,85752.0,,1.8656716417910335,002115.SZ,002115,2021-07-22,5.36,1.8656716417910335,0.0,1,3,0.0,0.0,0.0,0.0
2021-07-23,5.45,5.33,5.45,5.31,79037.0,,-2.3809523809523836,002115.SZ,002115,2021-07-23,5.46,-2.3809523809523836,0.0,1,3,0.0,0.0,0.0,0.0
2021-07-26,5.33,5.19,5.34,5.15,83248.0,,-2.6266416510318913,002115.SZ,002115,2021-07-26,5.33,-2.6266416510318913,0.0,1,3,0.0,0.0,0.0,0.0
2021-07-27,5.16,5.09,5.23,5.06,85957.0,,-1.9267822736030893,002115.SZ,002115,2021-07-27,5.19,-1.9267822736030893,0.0,1,3,0.0,0.0,0.0,0.0
2021-07-28,5.08,4.99,5.14,4.88,84084.0,,-1.9646365422396839,002115.SZ,002115,2021-07-28,5.09,-1.9646365422396839,0.0,1,3,0.0,0.0,0.0,0.0
2021-07-29,5.04,5.13,5.15,5.04,61106.0,,2.8056112224448926,002115.SZ,002115,2021-07-29,4.99,2.8056112224448926,0.0,1,3,0.0,0.0,0.0,0.0
2021-07-30,5.1,5.27,5.31,5.06,95129.0,,2.729044834307981,002115.SZ,002115,2021-07-30,5.13,2.729044834307981,0.0,1,3,0.0,0.0,0.0,0.0
2021-08-02,5.28,5.33,5.38,5.23,77596.0,,1.1385199240986799,002115.SZ,002115,2021-08-02,5.27,1.1385199240986799,0.0,1,3,0.0,0.0,0.0,0.0
2021-08-03,5.33,5.31,5.41,5.31,99076.0,,-0.37523452157599557,002115.SZ,002115,2021-08-03,5.33,-0.37523452157599557,0.0,1,3,0.0,0.0,0.0,0.0
2021-08-04,5.31,5.32,5.37,5.29,56532.0,,0.18832391713747842,002115.SZ,002115,2021-08-04,5.31,0.18832391713747842,0.0,1,3,0.0,0.0,0.0,0.0
2021-08-05,5.27,5.26,5.32,5.23,52753.0,,-1.1278195488721887,002115.SZ,002115,2021-08-05,5.32,-1.1278195488721887,0.0,1,3,0.0,0.0,0.0,0.0
2021-08-06,5.29,5.26,5.3,5.17,49409.0,,0.0,002115.SZ,002115,2021-08-06,5.26,0.0,0.0,1,3,0.0,0.0,0.0,0.0
2021-08-09,5.23,5.3,5.31,5.21,56390.0,,0.7604562737642651,002115.SZ,002115,2021-08-09,5.26,0.7604562737642651,0.0,1,3,0.0,0.0,0.0,0.0
2021-08-10,5.28,5.36,5.37,5.26,70970.0,,1.132075471698113,002115.SZ,002115,2021-08-10,5.3,1.132075471698113,0.0,1,3,0.0,0.0,0.0,0.0
2021-08-11,5.36,5.3,5.36,5.29,53477.0,,-1.1194029850746356,002115.SZ,002115,2021-08-11,5.36,-1.1194029850746356,0.0,1,3,0.0,0.0,0.0,0.0
2021-08-12,5.28,5.31,5.36,5.26,64978.0,,0.18867924528300772,002115.SZ,002115,2021-08-12,5.3,0.18867924528300772,0.0,1,3,0.0,0.0,0.0,0.0
2021-08-13,5.29,5.21,5.31,5.19,79396.0,,-1.883239171374762,002115.SZ,002115,2021-08-13,5.31,-1.883239171374762,0.0,1,3,0.0,0.0,0.0,0.0
2021-08-16,5.22,5.28,5.31,5.19,61095.0,,1.343570057581589,002115.SZ,002115,2021-08-16,5.21,1.343570057581589,0.0,1,3,0.0,0.0,0.0,0.0
2021-08-17,5.26,5.07,5.28,5.07,92662.0,,-3.9772727272727293,002115.SZ,002115,2021-08-17,5.28,-3.9772727272727293,0.0,1,3,0.0,0.0,0.0,0.0
2021-08-18,5.07,5.11,5.13,5.03,64025.0,,0.7889546351084853,002115.SZ,002115,2021-08-18,5.07,0.7889546351084853,0.0,1,3,0.0,0.0,0.0,0.0
2021-08-19,5.11,5.18,5.23,5.09,68444.0,,1.3698630136986134,002115.SZ,002115,2021-08-19,5.11,1.3698630136986134,0.0,1,3,0.0,0.0,0.0,0.0
2021-08-20,5.18,5.12,5.18,5.06,59441.0,,-1.158301158301156,002115.SZ,002115,2021-08-20,5.18,-1.158301158301156,0.0,1,3,0.0,0.0,0.0,0.0
2021-08-23,5.12,5.23,5.24,5.1,68891.0,,2.1484375,002115.SZ,002115,2021-08-23,5.12,2.1484375,0.0,1,3,0.0,0.0,0.0,0.0
2021-08-24,5.22,5.21,5.24,5.17,54906.0,,-0.3824091778202754,002115.SZ,002115,2021-08-24,5.23,-0.3824091778202754,0.0,1,3,0.0,0.0,0.0,0.0
2021-08-25,5.18,5.34,5.35,5.16,111463.0,,2.49520153550864,002115.SZ,002115,2021-08-25,5.21,2.49520153550864,0.0,1,3,0.0,0.0,0.0,0.0
2021-08-26,5.34,5.3,5.38,5.29,85525.0,,-0.7490636704119868,002115.SZ,002115,2021-08-26,5.34,-0.7490636704119868,0.0,1,3,0.0,0.0,0.0,0.0
2021-08-27,5.27,5.33,5.36,5.25,68715.0,,0.5660377358490676,002115.SZ,002115,2021-08-27,5.3,0.5660377358490676,0.0,1,3,0.0,0.0,0.0,0.0
2021-08-30,5.33,5.37,5.43,5.31,95765.0,,0.7504690431519689,002115.SZ,002115,2021-08-30,5.33,0.7504690431519689,0.0,1,3,0.0,0.0,0.0,0.0
2021-08-31,5.34,5.29,5.34,5.19,98748.0,,-1.4897579143389184,002115.SZ,002115,2021-08-31,5.37,-1.4897579143389184,0.0,1,3,0.0,0.0,0.0,0.0
2021-09-01,5.26,5.3,5.32,5.21,86174.0,,0.1890359168241984,002115.SZ,002115,2021-09-01,5.29,0.1890359168241984,0.0,1,3,0.0,0.0,0.0,0.0
2021-09-02,5.28,5.32,5.34,5.24,78296.0,,0.37735849056603765,002115.SZ,002115,2021-09-02,5.3,0.37735849056603765,0.0,1,3,0.0,0.0,0.0,0.0
2021-09-03,5.31,5.4,5.42,5.31,107071.0,,1.5037593984962516,002115.SZ,002115,2021-09-03,5.32,1.5037593984962516,0.0,1,3,0.0,0.0,0.0,0.0
2021-09-06,5.4,5.4,5.42,5.34,89666.0,,0.0,002115.SZ,002115,2021-09-06,5.4,0.0,0.0,1,3,0.0,0.0,0.0,0.0
2021-09-07,5.4,5.41,5.45,5.39,91971.0,,0.18518518518517713,002115.SZ,002115,2021-09-07,5.4,0.18518518518517713,0.0,1,3,0.0,0.0,0.0,0.0
2021-09-08,5.41,5.6,5.62,5.4,204670.0,,3.512014787430684,002115.SZ,002115,2021-09-08,5.41,3.512014787430684,0.0,1,3,0.0,0.0,0.0,0.0
2021-09-09,5.61,5.57,5.64,5.54,111351.0,,-0.5357142857142727,002115.SZ,002115,2021-09-09,5.6,-0.5357142857142727,0.0,1,3,0.0,0.0,0.0,0.0
2021-09-10,5.56,5.53,5.6,5.46,110280.0,,-0.7181328545781018,002115.SZ,002115,2021-09-10,5.57,-0.7181328545781018,0.0,1,3,0.0,0.0,0.0,0.0
2021-09-13,5.51,5.65,5.66,5.44,129407.0,,2.169981916817365,002115.SZ,002115,2021-09-13,5.53,2.169981916817365,0.0,1,3,0.0,0.0,0.0,0.0
2021-09-14,5.63,5.47,5.65,5.45,137263.0,,-3.1858407079646156,002115.SZ,002115,2021-09-14,5.65,-3.1858407079646156,0.0,1,3,0.0,0.0,0.0,0.0
2021-09-15,5.46,5.53,5.57,5.43,84656.0,,1.0968921389396868,002115.SZ,002115,2021-09-15,5.47,1.0968921389396868,0.0,1,3,0.0,0.0,0.0,0.0
2021-09-16,5.53,5.46,5.6,5.46,82061.0,,-1.2658227848101333,002115.SZ,002115,2021-09-16,5.53,-1.2658227848101333,0.0,1,3,0.0,0.0,0.0,0.0
2021-09-17,5.46,5.29,5.5,5.28,104761.0,,-3.1135531135531136,002115.SZ,002115,2021-09-17,5.46,-3.1135531135531136,0.0,1,3,0.0,0.0,0.0,0.0
2021-09-22,5.24,5.28,5.31,5.21,58554.0,,-0.1890359168241873,002115.SZ,002115,2021-09-22,5.29,-0.1890359168241873,0.0,1,3,0.0,0.0,0.0,0.0
2021-09-23,5.29,5.39,5.45,5.29,69900.0,,2.083333333333326,002115.SZ,002115,2021-09-23,5.28,2.083333333333326,0.0,1,3,0.0,0.0,0.0,0.0
2021-09-24,5.39,5.25,5.41,5.25,60485.0,,-2.597402597402587,002115.SZ,002115,2021-09-24,5.39,-2.597402597402587,0.0,1,3,0.0,0.0,0.0,0.0
2021-09-27,5.32,5.07,5.32,5.06,98902.0,,-3.4285714285714253,002115.SZ,002115,2021-09-27,5.25,-3.4285714285714253,0.0,1,3,0.0,0.0,0.0,0.0
2021-09-28,5.07,5.08,5.13,5.06,59518.0,,0.19723865877712132,002115.SZ,002115,2021-09-28,5.07,0.19723865877712132,0.0,1,3,0.0,0.0,0.0,0.0
2021-09-29,5.07,4.99,5.11,4.99,67494.0,,-1.7716535433070835,002115.SZ,002115,2021-09-29,5.08,-1.7716535433070835,0.0,1,3,0.0,0.0,0.0,0.0
2021-09-30,5.01,5.06,5.07,5.01,35839.0,,1.4028056112224352,002115.SZ,002115,2021-09-30,4.99,1.4028056112224352,0.0,1,3,0.0,0.0,0.0,0.0
2021-10-08,5.08,5.44,5.49,5.07,177806.0,,7.509881422924924,002115.SZ,002115,2021-10-08,5.06,7.509881422924924,0.0,1,3,0.0,0.0,0.0,0.0
2021-10-11,5.47,5.49,5.54,5.4,115771.0,,0.9191176470588092,002115.SZ,002115,2021-10-11,5.44,0.9191176470588092,0.0,1,3,0.0,0.0,0.0,0.0
2021-10-12,5.49,5.51,5.57,5.44,109671.0,,0.36429872495444826,002115.SZ,002115,2021-10-12,5.49,0.36429872495444826,0.0,1,3,0.0,0.0,0.0,0.0
2021-10-13,5.53,5.5,5.53,5.44,67617.0,,-0.1814882032667886,002115.SZ,002115,2021-10-13,5.51,-0.1814882032667886,0.0,1,3,0.0,0.0,0.0,0.0
2021-10-14,5.48,5.55,5.59,5.44,81458.0,,0.9090909090909038,002115.SZ,002115,2021-10-14,5.5,0.9090909090909038,0.0,1,3,0.0,0.0,0.0,0.0
2021-10-15,5.55,5.59,5.63,5.5,107081.0,,0.7207207207207134,002115.SZ,002115,2021-10-15,5.55,0.7207207207207134,0.0,1,3,0.0,0.0,0.0,0.0
2021-10-18,5.56,5.74,5.77,5.55,164591.0,,2.683363148479434,002115.SZ,002115,2021-10-18,5.59,2.683363148479434,0.0,1,3,0.0,0.0,0.0,0.0
2021-10-19,5.74,5.79,5.93,5.69,194025.0,,0.8710801393728262,002115.SZ,002115,2021-10-19,5.74,0.8710801393728262,0.0,1,3,0.0,0.0,0.0,0.0
2021-10-20,5.78,5.7,5.78,5.66,131906.0,,-1.5544041450777146,002115.SZ,002115,2021-10-20,5.79,-1.5544041450777146,0.0,1,3,0.0,0.0,0.0,0.0
2021-10-21,5.74,5.64,5.74,5.59,89086.0,,-1.0526315789473717,002115.SZ,002115,2021-10-21,5.7,-1.0526315789473717,0.0,1,3,0.0,0.0,0.0,0.0
2021-10-22,5.61,5.58,5.68,5.54,81786.0,,-1.0638297872340385,002115.SZ,002115,2021-10-22,5.64,-1.0638297872340385,0.0,1,3,0.0,0.0,0.0,0.0
2021-10-25,5.57,5.56,5.62,5.49,77535.0,,-0.35842293906810374,002115.SZ,002115,2021-10-25,5.58,-0.35842293906810374,0.0,1,3,0.0,0.0,0.0,0.0
2021-10-26,5.56,5.44,5.6,5.41,88876.0,,-2.1582733812949506,002115.SZ,002115,2021-10-26,5.56,-2.1582733812949506,0.0,1,3,0.0,0.0,0.0,0.0
2021-10-27,5.43,5.22,5.49,5.19,94895.0,,-4.044117647058831,002115.SZ,002115,2021-10-27,5.44,-4.044117647058831,0.0,1,3,0.0,0.0,0.0,0.0
2021-10-28,5.25,5.11,5.25,5.08,83175.0,,-2.1072796934865745,002115.SZ,002115,2021-10-28,5.22,-2.1072796934865745,0.0,1,3,0.0,0.0,0.0,0.0
2021-10-29,5.1,5.29,5.33,5.1,80124.0,,3.5225048923678948,002115.SZ,002115,2021-10-29,5.11,3.5225048923678948,0.0,1,3,0.0,0.0,0.0,0.0
2021-11-01,5.29,5.3,5.37,5.24,57624.0,,0.1890359168241984,002115.SZ,002115,2021-11-01,5.29,0.1890359168241984,0.0,1,3,0.0,0.0,0.0,0.0
2021-11-02,5.29,5.28,5.37,5.19,68927.0,,-0.37735849056602655,002115.SZ,002115,2021-11-02,5.3,-0.37735849056602655,0.0,1,3,0.0,0.0,0.0,0.0
2021-11-03,5.28,5.36,5.38,5.26,68774.0,,1.5151515151515138,002115.SZ,002115,2021-11-03,5.28,1.5151515151515138,0.0,1,3,0.0,0.0,0.0,0.0
2021-11-04,5.34,5.42,5.43,5.32,63967.0,,1.1194029850746245,002115.SZ,002115,2021-11-04,5.36,1.1194029850746245,0.0,1,3,0.0,0.0,0.0,0.0
2021-11-05,5.43,5.55,5.63,5.4,119836.0,,2.398523985239853,002115.SZ,002115,2021-11-05,5.42,2.398523985239853,0.0,1,3,0.0,0.0,0.0,0.0
2021-11-08,5.57,5.62,5.63,5.51,84959.0,,1.2612612612612706,002115.SZ,002115,2021-11-08,5.55,1.2612612612612706,0.0,1,3,0.0,0.0,0.0,0.0
2021-11-09,5.6,5.73,5.74,5.57,125097.0,,1.9572953736654908,002115.SZ,002115,2021-11-09,5.62,1.9572953736654908,0.0,1,3,0.0,0.0,0.0,0.0
2021-11-10,5.73,5.8,5.82,5.7,168302.0,,1.2216404886561838,002115.SZ,002115,2021-11-10,5.73,1.2216404886561838,0.0,1,3,0.0,0.0,0.0,0.0
2021-11-11,5.8,5.93,6.02,5.77,235351.0,,2.2413793103448265,002115.SZ,002115,2021-11-11,5.8,2.2413793103448265,0.0,1,3,0.0,0.0,0.0,0.0
2021-11-12,5.95,6.34,6.37,5.92,400109.0,,6.91399662731873,002115.SZ,002115,2021-11-12,5.93,6.91399662731873,0.0,1,3,0.0,0.0,0.0,0.0
2021-11-15,6.31,6.17,6.31,6.13,259015.0,,-2.681388012618291,002115.SZ,002115,2021-11-15,6.34,-2.681388012618291,0.0,1,3,0.0,0.0,0.0,0.0
2021-11-16,6.15,6.12,6.3,6.09,168133.0,,-0.8103727714748765,002115.SZ,002115,2021-11-16,6.17,-0.8103727714748765,0.0,1,3,0.0,0.0,0.0,0.0
2021-11-17,6.1,6.13,6.16,6.03,130309.0,,0.16339869281045694,002115.SZ,002115,2021-11-17,6.12,0.16339869281045694,0.0,1,3,0.0,0.0,0.0,0.0
2021-11-18,6.15,5.99,6.2,5.97,139328.0,,-2.2838499184339223,002115.SZ,002115,2021-11-18,6.13,-2.2838499184339223,0.0,1,3,0.0,0.0,0.0,0.0
2021-11-19,6.03,6.02,6.09,5.94,110506.0,,0.5008347245408995,002115.SZ,002115,2021-11-19,5.99,0.5008347245408995,0.0,1,3,0.0,0.0,0.0,0.0
2021-11-22,6.01,5.91,6.04,5.87,134953.0,,-1.8272425249169388,002115.SZ,002115,2021-11-22,6.02,-1.8272425249169388,0.0,1,3,0.0,0.0,0.0,0.0
2021-11-23,5.91,5.88,5.94,5.82,94814.0,,-0.5076142131979711,002115.SZ,002115,2021-11-23,5.91,-0.5076142131979711,0.0,1,3,0.0,0.0,0.0,0.0
2021-11-24,5.85,6.12,6.22,5.82,208634.0,,4.081632653061229,002115.SZ,002115,2021-11-24,5.88,4.081632653061229,0.0,1,3,0.0,0.0,0.0,0.0
2021-11-25,6.12,6.09,6.5,6.0,353581.0,,-0.4901960784313819,002115.SZ,002115,2021-11-25,6.12,-0.4901960784313819,0.0,1,3,0.0,0.0,0.0,0.0
2021-11-26,6.13,6.08,6.24,5.95,225608.0,,-0.16420361247947435,002115.SZ,002115,2021-11-26,6.09,-0.16420361247947435,0.0,1,3,0.0,0.0,0.0,0.0
2021-11-29,5.98,6.02,6.09,5.91,155464.0,,-0.9868421052631637,002115.SZ,002115,2021-11-29,6.08,-0.9868421052631637,0.0,1,3,0.0,0.0,0.0,0.0
2021-11-30,6.06,6.18,6.22,6.03,157554.0,,2.657807308970095,002115.SZ,002115,2021-11-30,6.02,2.657807308970095,0.0,1,3,0.0,0.0,0.0,0.0
2021-12-01,6.13,6.15,6.22,6.09,123608.0,,-0.4854368932038722,002115.SZ,002115,2021-12-01,6.18,-0.4854368932038722,0.0,1,3,0.0,0.0,0.0,0.0
2021-12-02,6.14,6.0,6.16,5.98,104104.0,,-2.4390243902439046,002115.SZ,002115,2021-12-02,6.15,-2.4390243902439046,0.0,1,3,0.0,0.0,0.0,0.0
2021-12-03,6.0,5.86,6.04,5.85,104145.0,,-2.3333333333333317,002115.SZ,002115,2021-12-03,6.0,-2.3333333333333317,0.0,1,3,0.0,0.0,0.0,0.0
2021-12-06,5.86,5.66,5.89,5.65,144449.0,,-3.412969283276457,002115.SZ,002115,2021-12-06,5.86,-3.412969283276457,0.0,1,3,0.0,0.0,0.0,0.0
2021-12-07,5.66,5.57,5.7,5.54,120370.0,,-1.590106007067138,002115.SZ,002115,2021-12-07,5.66,-1.590106007067138,0.0,1,3,0.0,0.0,0.0,0.0
2021-12-08,5.58,5.65,5.67,5.53,106561.0,,1.4362657091562037,002115.SZ,002115,2021-12-08,5.57,1.4362657091562037,0.0,1,3,0.0,0.0,0.0,0.0
2021-12-09,5.65,5.61,5.69,5.6,127682.0,,-0.707964601769917,002115.SZ,002115,2021-12-09,5.65,-0.707964601769917,0.0,1,3,0.0,0.0,0.0,0.0
2021-12-10,5.61,5.63,5.69,5.51,96628.0,,0.35650623885916666,002115.SZ,002115,2021-12-10,5.61,0.35650623885916666,0.0,1,3,0.0,0.0,0.0,0.0
2021-12-13,5.65,5.73,5.77,5.63,127616.0,,1.7761989342806483,002115.SZ,002115,2021-12-13,5.63,1.7761989342806483,0.0,1,3,0.0,0.0,0.0,0.0
2021-12-14,5.79,5.91,5.93,5.73,193037.0,,3.141361256544495,002115.SZ,002115,2021-12-14,5.73,3.141361256544495,0.0,1,3,0.0,0.0,0.0,0.0
2021-12-15,5.9,5.84,5.96,5.82,151741.0,,-1.1844331641285955,002115.SZ,002115,2021-12-15,5.91,-1.1844331641285955,0.0,1,3,0.0,0.0,0.0,0.0
2021-12-16,5.86,5.87,5.91,5.83,90124.0,,0.5136986301369939,002115.SZ,002115,2021-12-16,5.84,0.5136986301369939,0.0,1,3,0.0,0.0,0.0,0.0
2021-12-17,5.88,5.75,5.88,5.75,96325.0,,-2.044293015332199,002115.SZ,002115,2021-12-17,5.87,-2.044293015332199,0.0,1,3,0.0,0.0,0.0,0.0
2021-12-20,5.74,5.68,5.83,5.68,101017.0,,-1.2173913043478257,002115.SZ,002115,2021-12-20,5.75,-1.2173913043478257,0.0,1,3,0.0,0.0,0.0,0.0
2021-12-21,5.69,5.9,5.91,5.67,112105.0,,3.8732394366197243,002115.SZ,002115,2021-12-21,5.68,3.8732394366197243,0.0,1,3,0.0,0.0,0.0,0.0
2021-12-22,5.89,5.99,6.03,5.84,120339.0,,1.5254237288135464,002115.SZ,002115,2021-12-22,5.9,1.5254237288135464,0.0,1,3,0.0,0.0,0.0,0.0
2021-12-23,6.01,5.88,6.01,5.87,109907.0,,-1.8363939899833093,002115.SZ,002115,2021-12-23,5.99,-1.8363939899833093,0.0,1,3,0.0,0.0,0.0,0.0
2021-12-24,5.89,5.74,5.92,5.73,78195.0,,-2.3809523809523725,002115.SZ,002115,2021-12-24,5.88,-2.3809523809523725,0.0,1,3,0.0,0.0,0.0,0.0
2021-12-27,5.73,5.78,5.82,5.67,65118.0,,0.6968641114982521,002115.SZ,002115,2021-12-27,5.74,0.6968641114982521,0.0,1,3,0.0,0.0,0.0,0.0
2021-12-28,5.77,5.91,6.04,5.74,194579.0,,2.249134948096887,002115.SZ,002115,2021-12-28,5.78,2.249134948096887,0.0,1,3,0.0,0.0,0.0,0.0
2021-12-29,5.9,5.8,5.9,5.74,146930.0,,-1.861252115059231,002115.SZ,002115,2021-12-29,5.91,-1.861252115059231,0.0,1,3,0.0,0.0,0.0,0.0
2021-12-30,5.79,5.98,6.01,5.78,180146.0,,3.1034482758620863,002115.SZ,002115,2021-12-30,5.8,3.1034482758620863,0.0,1,3,0.0,0.0,0.0,0.0
2021-12-31,5.99,6.02,6.09,5.94,174473.0,,0.6688963210702115,002115.SZ,002115,2021-12-31,5.98,0.6688963210702115,0.0,1,3,0.0,0.0,0.0,0.0
2022-01-04,6.04,6.17,6.22,6.0,181849.0,,2.491694352159479,002115.SZ,002115,2022-01-04,6.02,2.491694352159479,0.0,1,3,0.0,0.0,0.0,0.0
2022-01-05,6.15,6.15,6.21,6.02,154890.0,,-0.32414910858994395,002115.SZ,002115,2022-01-05,6.17,-0.32414910858994395,0.0,1,3,0.0,0.0,0.0,0.0
2022-01-06,6.11,6.06,6.12,6.02,118799.0,,-1.4634146341463539,002115.SZ,002115,2022-01-06,6.15,-1.4634146341463539,0.0,1,3,0.0,0.0,0.0,0.0
2022-01-07,6.0,5.85,6.08,5.83,186407.0,,-3.4653465346534684,002115.SZ,002115,2022-01-07,6.06,-3.4653465346534684,0.0,1,3,0.0,0.0,0.0,0.0
2022-01-10,5.81,5.9,5.95,5.7,125963.0,,0.8547008547008739,002115.SZ,002115,2022-01-10,5.85,0.8547008547008739,0.0,1,3,0.0,0.0,0.0,0.0
2022-01-11,5.94,5.86,5.99,5.81,111299.0,,-0.6779661016949157,002115.SZ,002115,2022-01-11,5.9,-0.6779661016949157,0.0,1,3,0.0,0.0,0.0,0.0
2022-01-12,5.88,5.92,6.03,5.83,111451.0,,1.0238907849829282,002115.SZ,002115,2022-01-12,5.86,1.0238907849829282,0.0,1,3,0.0,0.0,0.0,0.0
2022-01-13,6.05,6.0,6.15,5.98,246526.0,,1.3513513513513598,002115.SZ,002115,2022-01-13,5.92,1.3513513513513598,0.0,1,3,0.0,0.0,0.0,0.0
2022-01-14,6.0,6.05,6.17,5.91,168712.0,,0.8333333333333304,002115.SZ,002115,2022-01-14,6.0,0.8333333333333304,0.0,1,3,0.0,0.0,0.0,0.0
2022-01-17,6.09,6.39,6.41,6.07,371187.0,,5.61983471074381,002115.SZ,002115,2022-01-17,6.05,5.61983471074381,0.0,1,3,0.0,0.0,0.0,0.0
2022-01-18,6.39,6.25,6.49,6.2,299457.0,,-2.1909233176838794,002115.SZ,002115,2022-01-18,6.39,-2.1909233176838794,0.0,1,3,0.0,0.0,0.0,0.0
2022-01-19,6.21,6.36,6.38,6.18,236486.0,,1.760000000000006,002115.SZ,002115,2022-01-19,6.25,1.760000000000006,0.0,1,3,0.0,0.0,0.0,0.0
2022-01-20,6.34,6.17,6.36,6.14,204590.0,,-2.9874213836478036,002115.SZ,002115,2022-01-20,6.36,-2.9874213836478036,0.0,1,3,0.0,0.0,0.0,0.0
2022-01-21,6.2,6.11,6.23,6.04,130850.0,,-0.9724473257698429,002115.SZ,002115,2022-01-21,6.17,-0.9724473257698429,0.0,1,3,0.0,0.0,0.0,0.0
2022-01-24,6.1,6.17,6.24,5.97,183693.0,,0.9819967266775809,002115.SZ,002115,2022-01-24,6.11,0.9819967266775809,0.0,1,3,0.0,0.0,0.0,0.0
2022-01-25,6.16,5.66,6.16,5.66,268502.0,,-8.265802269043753,002115.SZ,002115,2022-01-25,6.17,-8.265802269043753,0.0,1,3,0.0,0.0,0.0,0.0
2022-01-26,5.75,5.8,5.97,5.67,211881.0,,2.473498233215543,002115.SZ,002115,2022-01-26,5.66,2.473498233215543,0.0,1,3,0.0,0.0,0.0,0.0
2022-01-27,5.22,5.22,5.22,5.22,62604.0,,-9.999999999999998,002115.SZ,002115,2022-01-27,5.8,-9.999999999999998,0.0,1,3,0.0,0.0,0.0,0.0
2022-01-28,4.7,4.71,4.81,4.7,545951.0,,-9.770114942528728,002115.SZ,002115,2022-01-28,5.22,-9.770114942528728,0.0,1,3,0.0,0.0,0.0,0.0
2022-02-07,4.75,4.7,4.83,4.64,294800.0,,-0.2123142250530785,002115.SZ,002115,2022-02-07,4.71,-0.2123142250530785,0.0,1,3,0.0,0.0,0.0,0.0
2022-02-08,4.7,4.9,4.95,4.69,283570.0,,4.255319148936176,002115.SZ,002115,2022-02-08,4.7,4.255319148936176,0.0,1,3,0.0,0.0,0.0,0.0
2022-02-09,4.95,5.11,5.16,4.86,280078.0,,4.285714285714293,002115.SZ,002115,2022-02-09,4.9,4.285714285714293,0.0,1,3,0.0,0.0,0.0,0.0
2022-02-10,5.14,5.08,5.15,5.02,190715.0,,-0.5870841487279899,002115.SZ,002115,2022-02-10,5.11,-0.5870841487279899,0.0,1,3,0.0,0.0,0.0,0.0
2022-02-11,5.09,4.96,5.12,4.9,180058.0,,-2.3622047244094557,002115.SZ,002115,2022-02-11,5.08,-2.3622047244094557,0.0,1,3,0.0,0.0,0.0,0.0
2022-02-14,4.96,5.0,5.07,4.9,110756.0,,0.8064516129032251,002115.SZ,002115,2022-02-14,4.96,0.8064516129032251,0.0,1,3,0.0,0.0,0.0,0.0
2022-02-15,5.02,5.0,5.07,4.94,130677.0,,0.0,002115.SZ,002115,2022-02-15,5.0,0.0,0.0,1,3,0.0,0.0,0.0,0.0
2022-02-16,5.02,5.02,5.11,4.98,112094.0,,0.40000000000000036,002115.SZ,002115,2022-02-16,5.0,0.40000000000000036,0.0,1,3,0.0,0.0,0.0,0.0
2022-02-17,4.99,4.95,5.05,4.93,121834.0,,-1.3944223107569598,002115.SZ,002115,2022-02-17,5.02,-1.3944223107569598,0.0,1,3,0.0,0.0,0.0,0.0
2022-02-18,4.94,5.06,5.08,4.93,144369.0,,2.2222222222222143,002115.SZ,002115,2022-02-18,4.95,2.2222222222222143,0.0,1,3,0.0,0.0,0.0,0.0
2022-02-21,5.11,5.25,5.29,5.06,204612.0,,3.754940711462451,002115.SZ,002115,2022-02-21,5.06,3.754940711462451,0.0,1,3,0.0,0.0,0.0,0.0
2022-02-22,5.2,5.21,5.25,5.11,142603.0,,-0.7619047619047636,002115.SZ,002115,2022-02-22,5.25,-0.7619047619047636,0.0,1,3,0.0,0.0,0.0,0.0
2022-02-23,5.22,5.19,5.24,5.13,107858.0,,-0.38387715930900956,002115.SZ,002115,2022-02-23,5.21,-0.38387715930900956,0.0,1,3,0.0,0.0,0.0,0.0
2022-02-24,5.16,5.05,5.24,4.98,154583.0,,-2.6974951830443294,002115.SZ,002115,2022-02-24,5.19,-2.6974951830443294,0.0,1,3,0.0,0.0,0.0,0.0
2022-02-25,5.08,5.03,5.17,5.0,97084.0,,-0.3960396039603853,002115.SZ,002115,2022-02-25,5.05,-0.3960396039603853,0.0,1,3,0.0,0.0,0.0,0.0
2022-02-28,5.04,5.01,5.05,4.89,82906.0,,-0.3976143141153132,002115.SZ,002115,2022-02-28,5.03,-0.3976143141153132,0.0,1,3,0.0,0.0,0.0,0.0
2022-03-01,5.03,5.15,5.15,5.0,101494.0,,2.794411177644718,002115.SZ,002115,2022-03-01,5.01,2.794411177644718,0.0,1,3,0.0,0.0,0.0,0.0
2022-03-02,5.1,5.12,5.18,5.07,75416.0,,-0.5825242718446644,002115.SZ,002115,2022-03-02,5.15,-0.5825242718446644,0.0,1,3,0.0,0.0,0.0,0.0
2022-03-03,5.18,5.11,5.2,5.06,80270.0,,-0.1953125,002115.SZ,002115,2022-03-03,5.12,-0.1953125,0.0,1,3,0.0,0.0,0.0,0.0
2022-03-04,5.11,5.01,5.12,5.0,94866.0,,-1.9569471624266255,002115.SZ,002115,2022-03-04,5.11,-1.9569471624266255,0.0,1,3,0.0,0.0,0.0,0.0
2022-03-07,5.0,4.94,5.06,4.92,88913.0,,-1.3972055888223478,002115.SZ,002115,2022-03-07,5.01,-1.3972055888223478,0.0,1,3,0.0,0.0,0.0,0.0
2022-03-08,4.92,4.79,4.96,4.76,126801.0,,-3.0364372469635748,002115.SZ,002115,2022-03-08,4.94,-3.0364372469635748,0.0,1,3,0.0,0.0,0.0,0.0
2022-03-09,4.83,4.81,4.87,4.55,133569.0,,0.41753653444676075,002115.SZ,002115,2022-03-09,4.79,0.41753653444676075,0.0,1,3,0.0,0.0,0.0,0.0
2022-03-10,4.87,4.81,4.95,4.79,102214.0,,0.0,002115.SZ,002115,2022-03-10,4.81,0.0,0.0,1,3,0.0,0.0,0.0,0.0
2022-03-11,4.75,4.82,4.84,4.62,111391.0,,0.20790020790022457,002115.SZ,002115,2022-03-11,4.81,0.20790020790022457,0.0,1,3,0.0,0.0,0.0,0.0
2022-03-14,4.77,4.72,4.88,4.72,102039.0,,-2.0746887966805128,002115.SZ,002115,2022-03-14,4.82,-2.0746887966805128,0.0,1,3,0.0,0.0,0.0,0.0
2022-03-15,4.72,4.47,4.74,4.46,115473.0,,-5.296610169491522,002115.SZ,002115,2022-03-15,4.72,-5.296610169491522,0.0,1,3,0.0,0.0,0.0,0.0
2022-03-16,4.52,4.66,4.69,4.45,106240.0,,4.250559284116351,002115.SZ,002115,2022-03-16,4.47,4.250559284116351,0.0,1,3,0.0,0.0,0.0,0.0
2022-03-17,4.7,4.63,4.75,4.62,127321.0,,-0.6437768240343367,002115.SZ,002115,2022-03-17,4.66,-0.6437768240343367,0.0,1,3,0.0,0.0,0.0,0.0
2022-03-18,4.6,4.71,4.72,4.58,104996.0,,1.7278617710583255,002115.SZ,002115,2022-03-18,4.63,1.7278617710583255,0.0,1,3,0.0,0.0,0.0,0.0
2022-03-21,4.77,4.73,4.79,4.66,82050.0,,0.424628450106157,002115.SZ,002115,2022-03-21,4.71,0.424628450106157,0.0,1,3,0.0,0.0,0.0,0.0
2022-03-22,4.73,4.73,4.77,4.68,57356.0,,0.0,002115.SZ,002115,2022-03-22,4.73,0.0,0.0,1,3,0.0,0.0,0.0,0.0
2022-03-23,4.72,4.82,4.9,4.7,157834.0,,1.9027484143763207,002115.SZ,002115,2022-03-23,4.73,1.9027484143763207,0.0,1,3,0.0,0.0,0.0,0.0
2022-03-24,4.77,4.7,4.85,4.67,118412.0,,-2.4896265560165998,002115.SZ,002115,2022-03-24,4.82,-2.4896265560165998,0.0,1,3,0.0,0.0,0.0,0.0
2022-03-25,4.67,4.65,4.73,4.65,78805.0,,-1.0638297872340385,002115.SZ,002115,2022-03-25,4.7,-1.0638297872340385,0.0,1,3,0.0,0.0,0.0,0.0
2022-03-28,4.61,4.69,4.73,4.57,74853.0,,0.8602150537634357,002115.SZ,002115,2022-03-28,4.65,0.8602150537634357,0.0,1,3,0.0,0.0,0.0,0.0
2022-03-29,4.69,4.6,4.71,4.58,60457.0,,-1.9189765458422325,002115.SZ,002115,2022-03-29,4.69,-1.9189765458422325,0.0,1,3,0.0,0.0,0.0,0.0
2022-03-30,4.61,4.65,4.65,4.59,57954.0,,1.0869565217391353,002115.SZ,002115,2022-03-30,4.6,1.0869565217391353,0.0,1,3,0.0,0.0,0.0,0.0
2022-03-31,4.65,4.62,4.67,4.59,64594.0,,-0.6451612903225823,002115.SZ,002115,2022-03-31,4.65,-0.6451612903225823,0.0,1,3,0.0,0.0,0.0,0.0
2022-04-01,4.61,4.57,4.61,4.52,85229.0,,-1.0822510822510734,002115.SZ,002115,2022-04-01,4.62,-1.0822510822510734,0.0,1,3,0.0,0.0,0.0,0.0
2022-04-06,4.58,4.67,4.69,4.55,89702.0,,2.188183807439814,002115.SZ,002115,2022-04-06,4.57,2.188183807439814,0.0,1,3,0.0,0.0,0.0,0.0
2022-04-07,4.7,4.52,4.7,4.52,84160.0,,-3.2119914346895206,002115.SZ,002115,2022-04-07,4.67,-3.2119914346895206,0.0,1,3,0.0,0.0,0.0,0.0
2022-04-08,4.51,4.48,4.53,4.42,72874.0,,-0.8849557522123686,002115.SZ,002115,2022-04-08,4.52,-0.8849557522123686,0.0,1,3,0.0,0.0,0.0,0.0
2022-04-11,4.5,4.31,4.52,4.29,91516.0,,-3.7946428571428714,002115.SZ,002115,2022-04-11,4.48,-3.7946428571428714,0.0,1,3,0.0,0.0,0.0,0.0
2022-04-12,4.33,4.41,4.41,4.25,68153.0,,2.3201856148491906,002115.SZ,002115,2022-04-12,4.31,2.3201856148491906,0.0,1,3,0.0,0.0,0.0,0.0
2022-04-13,4.4,4.31,4.4,4.3,44841.0,,-2.267573696145142,002115.SZ,002115,2022-04-13,4.41,-2.267573696145142,0.0,1,3,0.0,0.0,0.0,0.0
2022-04-14,4.35,4.3,4.35,4.29,59366.0,,-0.23201856148491462,002115.SZ,002115,2022-04-14,4.31,-0.23201856148491462,0.0,1,3,0.0,0.0,0.0,0.0
2022-04-15,4.28,4.16,4.28,4.14,83450.0,,-3.2558139534883623,002115.SZ,002115,2022-04-15,4.3,-3.2558139534883623,0.0,1,3,0.0,0.0,0.0,0.0
2022-04-18,4.14,4.19,4.2,4.06,51890.0,,0.7211538461538547,002115.SZ,002115,2022-04-18,4.16,0.7211538461538547,0.0,1,3,0.0,0.0,0.0,0.0
2022-04-19,4.2,4.22,4.24,4.17,44038.0,,0.7159904534606021,002115.SZ,002115,2022-04-19,4.19,0.7159904534606021,0.0,1,3,0.0,0.0,0.0,0.0
2022-04-20,4.24,4.17,4.31,4.15,55511.0,,-1.1848341232227444,002115.SZ,002115,2022-04-20,4.22,-1.1848341232227444,0.0,1,3,0.0,0.0,0.0,0.0
2022-04-21,4.19,4.01,4.22,4.0,77694.0,,-3.83693045563549,002115.SZ,002115,2022-04-21,4.17,-3.83693045563549,0.0,1,3,0.0,0.0,0.0,0.0
2022-04-22,3.97,3.95,4.04,3.91,79228.0,,-1.4962593516209433,002115.SZ,002115,2022-04-22,4.01,-1.4962593516209433,0.0,1,3,0.0,0.0,0.0,0.0
2022-04-25,3.91,3.57,3.93,3.56,114299.0,,-9.620253164556969,002115.SZ,002115,2022-04-25,3.95,-9.620253164556969,0.0,1,3,0.0,0.0,0.0,0.0
2022-04-26,3.6,3.41,3.63,3.39,107500.0,,-4.4817927170868295,002115.SZ,002115,2022-04-26,3.57,-4.4817927170868295,0.0,1,3,0.0,0.0,0.0,0.0
2022-04-27,3.35,3.53,3.53,3.33,85708.0,,3.5190615835777095,002115.SZ,002115,2022-04-27,3.41,3.5190615835777095,0.0,1,3,0.0,0.0,0.0,0.0
2022-04-28,3.5,3.52,3.61,3.45,74948.0,,-0.28328611898016387,002115.SZ,002115,2022-04-28,3.53,-0.28328611898016387,0.0,1,3,0.0,0.0,0.0,0.0
2022-04-29,3.53,3.66,3.71,3.53,83527.0,,3.9772727272727293,002115.SZ,002115,2022-04-29,3.52,3.9772727272727293,0.0,1,3,0.0,0.0,0.0,0.0
2022-05-05,3.67,3.74,3.78,3.62,66431.0,,2.1857923497267784,002115.SZ,002115,2022-05-05,3.66,2.1857923497267784,0.0,1,3,0.0,0.0,0.0,0.0
2022-05-06,3.69,3.68,3.73,3.63,44519.0,,-1.6042780748663166,002115.SZ,002115,2022-05-06,3.74,-1.6042780748663166,0.0,1,3,0.0,0.0,0.0,0.0
2022-05-09,3.67,3.78,3.82,3.67,62979.0,,2.717391304347827,002115.SZ,002115,2022-05-09,3.68,2.717391304347827,0.0,1,3,0.0,0.0,0.0,0.0
2022-05-10,3.78,3.82,3.83,3.71,55930.0,,1.0582010582010692,002115.SZ,002115,2022-05-10,3.78,1.0582010582010692,0.0,1,3,0.0,0.0,0.0,0.0
2022-05-11,3.81,3.73,3.87,3.73,98699.0,,-2.3560209424083767,002115.SZ,002115,2022-05-11,3.82,-2.3560209424083767,0.0,1,3,0.0,0.0,0.0,0.0
2022-05-12,3.75,3.76,3.81,3.68,63724.0,,0.8042895442359255,002115.SZ,002115,2022-05-12,3.73,0.8042895442359255,0.0,1,3,0.0,0.0,0.0,0.0
2022-05-13,3.79,3.74,3.8,3.7,57210.0,,-0.5319148936170137,002115.SZ,002115,2022-05-13,3.76,-0.5319148936170137,0.0,1,3,0.0,0.0,0.0,0.0
2022-05-16,3.75,3.71,3.79,3.69,59991.0,,-0.8021390374331583,002115.SZ,002115,2022-05-16,3.74,-0.8021390374331583,0.0,1,3,0.0,0.0,0.0,0.0
2022-05-17,3.69,3.68,3.78,3.64,65118.0,,-0.8086253369272156,002115.SZ,002115,2022-05-17,3.71,-0.8086253369272156,0.0,1,3,0.0,0.0,0.0,0.0
2022-05-18,3.71,3.81,3.82,3.69,99505.0,,3.532608695652173,002115.SZ,002115,2022-05-18,3.68,3.532608695652173,0.0,1,3,0.0,0.0,0.0,0.0
2022-05-19,3.75,3.82,3.82,3.71,64466.0,,0.2624671916010346,002115.SZ,002115,2022-05-19,3.81,0.2624671916010346,0.0,1,3,0.0,0.0,0.0,0.0
2022-05-20,3.85,3.87,3.87,3.81,83486.0,,1.308900523560208,002115.SZ,002115,2022-05-20,3.82,1.308900523560208,0.0,1,3,0.0,0.0,0.0,0.0
2022-05-23,3.88,3.94,3.96,3.86,69450.0,,1.8087855297157507,002115.SZ,002115,2022-05-23,3.87,1.8087855297157507,0.0,1,3,0.0,0.0,0.0,0.0
2022-05-24,3.94,3.73,3.95,3.72,87143.0,,-5.3299492385786795,002115.SZ,002115,2022-05-24,3.94,-5.3299492385786795,0.0,1,3,0.0,0.0,0.0,0.0
2022-05-25,3.72,3.91,3.93,3.72,86724.0,,4.825737265415553,002115.SZ,002115,2022-05-25,3.73,4.825737265415553,0.0,1,3,0.0,0.0,0.0,0.0
2022-05-26,3.94,3.93,3.95,3.82,78564.0,,0.5115089514066584,002115.SZ,002115,2022-05-26,3.91,0.5115089514066584,0.0,1,3,0.0,0.0,0.0,0.0
2022-05-27,3.99,3.91,4.0,3.86,62260.0,,-0.5089058524173073,002115.SZ,002115,2022-05-27,3.93,-0.5089058524173073,0.0,1,3,0.0,0.0,0.0,0.0
2022-05-30,3.92,3.87,3.92,3.84,47208.0,,-1.0230179028132946,002115.SZ,002115,2022-05-30,3.91,-1.0230179028132946,0.0,1,3,0.0,0.0,0.0,0.0
2022-05-31,3.87,3.92,3.92,3.83,49050.0,,1.2919896640826822,002115.SZ,002115,2022-05-31,3.87,1.2919896640826822,0.0,1,3,0.0,0.0,0.0,0.0
2022-06-01,3.92,3.94,3.98,3.89,81320.0,,0.5102040816326481,002115.SZ,002115,2022-06-01,3.92,0.5102040816326481,0.0,1,3,0.0,0.0,0.0,0.0
2022-06-02,3.92,3.95,3.97,3.85,82558.0,,0.2538071065989911,002115.SZ,002115,2022-06-02,3.94,0.2538071065989911,0.0,1,3,0.0,0.0,0.0,0.0
2022-06-06,3.96,3.99,4.01,3.94,82332.0,,1.0126582278481067,002115.SZ,002115,2022-06-06,3.95,1.0126582278481067,0.0,1,3,0.0,0.0,0.0,0.0
2022-06-07,4.0,3.93,4.02,3.9,64740.0,,-1.5037593984962405,002115.SZ,002115,2022-06-07,3.99,-1.5037593984962405,0.0,1,3,0.0,0.0,0.0,0.0
2022-06-08,3.94,3.93,3.95,3.83,77887.0,,0.0,002115.SZ,002115,2022-06-08,3.93,0.0,0.0,1,3,0.0,0.0,0.0,0.0
2022-06-09,3.92,3.81,3.92,3.8,64418.0,,-3.053435114503822,002115.SZ,002115,2022-06-09,3.93,-3.053435114503822,0.0,1,3,0.0,0.0,0.0,0.0
2022-06-10,3.76,3.86,3.87,3.76,56852.0,,1.3123359580052396,002115.SZ,002115,2022-06-10,3.81,1.3123359580052396,0.0,1,3,0.0,0.0,0.0,0.0
2022-06-13,3.83,3.84,3.9,3.79,284061.0,,-0.5181347150259086,002115.SZ,002115,2022-06-13,3.86,-0.5181347150259086,0.0,1,3,0.0,0.0,0.0,0.0
2022-06-14,3.87,3.8,3.87,3.66,224045.0,,-1.041666666666663,002115.SZ,002115,2022-06-14,3.84,-1.041666666666663,0.0,1,3,0.0,0.0,0.0,0.0
2022-06-15,3.85,3.92,4.05,3.81,331602.0,,3.157894736842115,002115.SZ,002115,2022-06-15,3.8,3.157894736842115,0.0,1,3,0.0,0.0,0.0,0.0
2022-06-16,3.9,4.0,4.08,3.9,239604.0,,2.0408163265306145,002115.SZ,002115,2022-06-16,3.92,2.0408163265306145,0.0,1,3,0.0,0.0,0.0,0.0
2022-06-17,4.02,3.97,4.07,3.92,159517.0,,-0.7499999999999951,002115.SZ,002115,2022-06-17,4.0,-0.7499999999999951,0.0,1,3,0.0,0.0,0.0,0.0
2022-06-20,3.95,4.07,4.09,3.95,187385.0,,2.518891687657443,002115.SZ,002115,2022-06-20,3.97,2.518891687657443,0.0,1,3,0.0,0.0,0.0,0.0
2022-06-21,4.1,4.07,4.12,4.02,146635.0,,0.0,002115.SZ,002115,2022-06-21,4.07,0.0,0.0,1,3,0.0,0.0,0.0,0.0
2022-06-22,4.11,3.96,4.14,3.95,113992.0,,-2.7027027027027084,002115.SZ,002115,2022-06-22,4.07,-2.7027027027027084,0.0,1,3,0.0,0.0,0.0,0.0
2022-06-23,3.95,4.02,4.03,3.92,115949.0,,1.5151515151515138,002115.SZ,002115,2022-06-23,3.96,1.5151515151515138,0.0,1,3,0.0,0.0,0.0,0.0
2022-06-24,4.02,4.1,4.26,4.0,212557.0,,1.990049751243772,002115.SZ,002115,2022-06-24,4.02,1.990049751243772,0.0,1,3,0.0,0.0,0.0,0.0
2022-06-27,4.1,4.09,4.12,4.05,195702.0,,-0.24390243902439046,002115.SZ,002115,2022-06-27,4.1,-0.24390243902439046,0.0,1,3,0.0,0.0,0.0,0.0
2022-06-28,4.1,4.2,4.22,4.09,196257.0,,2.689486552567244,002115.SZ,002115,2022-06-28,4.09,2.689486552567244,0.0,1,3,0.0,0.0,0.0,0.0
2022-06-29,4.2,4.22,4.43,4.15,331072.0,,0.4761904761904745,002115.SZ,002115,2022-06-29,4.2,0.4761904761904745,0.0,1,3,0.0,0.0,0.0,0.0
2022-06-30,4.25,4.15,4.31,4.14,215273.0,,-1.6587677725118377,002115.SZ,002115,2022-06-30,4.22,-1.6587677725118377,0.0,1,3,0.0,0.0,0.0,0.0
2022-07-01,4.14,4.24,4.45,4.12,287989.0,,2.168674698795181,002115.SZ,002115,2022-07-01,4.15,2.168674698795181,0.0,1,3,0.0,0.0,0.0,0.0
2022-07-04,4.19,4.18,4.3,4.16,132978.0,,-1.4150943396226578,002115.SZ,002115,2022-07-04,4.24,-1.4150943396226578,0.0,1,3,0.0,0.0,0.0,0.0
2022-07-05,4.17,4.12,4.18,4.05,148349.0,,-1.4354066985645786,002115.SZ,002115,2022-07-05,4.18,-1.4354066985645786,0.0,1,3,0.0,0.0,0.0,0.0
2022-07-06,4.12,4.15,4.15,4.06,116956.0,,0.728155339805836,002115.SZ,002115,2022-07-06,4.12,0.728155339805836,0.0,1,3,0.0,0.0,0.0,0.0
2022-07-07,4.13,4.12,4.2,4.11,107178.0,,-0.7228915662650715,002115.SZ,002115,2022-07-07,4.15,-0.7228915662650715,0.0,1,3,0.0,0.0,0.0,0.0
2022-07-08,4.1,4.15,4.22,4.1,112876.0,,0.728155339805836,002115.SZ,002115,2022-07-08,4.12,0.728155339805836,0.0,1,3,0.0,0.0,0.0,0.0
2022-07-11,4.14,4.11,4.15,4.08,83154.0,,-0.9638554216867434,002115.SZ,002115,2022-07-11,4.15,-0.9638554216867434,0.0,1,3,0.0,0.0,0.0,0.0
2022-07-12,4.11,4.0,4.11,3.98,106528.0,,-2.676399026763998,002115.SZ,002115,2022-07-12,4.11,-2.676399026763998,0.0,1,3,0.0,0.0,0.0,0.0
2022-07-13,4.16,4.4,4.4,4.12,707555.0,,10.000000000000009,002115.SZ,002115,2022-07-13,4.0,10.000000000000009,0.0,1,3,0.0,0.0,0.0,0.0
2022-07-14,4.25,4.22,4.37,4.21,596570.0,,-4.090909090909101,002115.SZ,002115,2022-07-14,4.4,-4.090909090909101,0.0,1,3,0.0,0.0,0.0,0.0
2022-07-15,4.22,3.97,4.25,3.97,388035.0,,-5.924170616113733,002115.SZ,002115,2022-07-15,4.22,-5.924170616113733,0.0,1,3,0.0,0.0,0.0,0.0
2022-07-18,4.0,4.37,4.37,3.99,161006.0,,10.075566750629728,002115.SZ,002115,2022-07-18,3.97,10.075566750629728,0.0,1,3,0.0,0.0,0.0,0.0
2022-07-19,4.5,4.47,4.62,4.39,862683.0,,2.2883295194507935,002115.SZ,002115,2022-07-19,4.37,2.2883295194507935,0.0,1,3,0.0,0.0,0.0,0.0
2022-07-20,4.49,4.62,4.65,4.4,676734.0,,3.3557046979865834,002115.SZ,002115,2022-07-20,4.47,3.3557046979865834,0.0,1,3,0.0,0.0,0.0,0.0
2022-07-21,4.57,4.49,4.63,4.48,360077.0,,-2.813852813852813,002115.SZ,002115,2022-07-21,4.62,-2.813852813852813,0.0,1,3,0.0,0.0,0.0,0.0
2022-07-22,4.53,4.52,4.55,4.42,254114.0,,0.6681514476614581,002115.SZ,002115,2022-07-22,4.49,0.6681514476614581,0.0,1,3,0.0,0.0,0.0,0.0
2022-07-25,4.51,4.45,4.53,4.4,173634.0,,-1.5486725663716672,002115.SZ,002115,2022-07-25,4.52,-1.5486725663716672,0.0,1,3,0.0,0.0,0.0,0.0
2022-07-26,4.46,4.53,4.53,4.41,225445.0,,1.7977528089887729,002115.SZ,002115,2022-07-26,4.45,1.7977528089887729,0.0,1,3,0.0,0.0,0.0,0.0
2022-07-27,4.53,4.53,4.57,4.46,206889.0,,0.0,002115.SZ,002115,2022-07-27,4.53,0.0,0.0,1,3,0.0,0.0,0.0,0.0
2022-07-28,4.53,4.54,4.6,4.51,207564.0,,0.22075055187638082,002115.SZ,002115,2022-07-28,4.53,0.22075055187638082,0.0,1,3,0.0,0.0,0.0,0.0
2022-07-29,4.56,4.57,4.72,4.51,298362.0,,0.6607929515418665,002115.SZ,002115,2022-07-29,4.54,0.6607929515418665,0.0,1,3,0.0,0.0,0.0,0.0
2022-08-01,4.57,4.63,4.66,4.52,194710.0,,1.3129102844638973,002115.SZ,002115,2022-08-01,4.57,1.3129102844638973,0.0,1,3,0.0,0.0,0.0,0.0
2022-08-02,4.56,4.37,4.57,4.31,271566.0,,-5.615550755939525,002115.SZ,002115,2022-08-02,4.63,-5.615550755939525,0.0,1,3,0.0,0.0,0.0,0.0
2022-08-03,4.38,4.42,4.59,4.38,289463.0,,1.1441647597253857,002115.SZ,002115,2022-08-03,4.37,1.1441647597253857,0.0,1,3,0.0,0.0,0.0,0.0
2022-08-04,4.44,4.59,4.59,4.44,204225.0,,3.8461538461538547,002115.SZ,002115,2022-08-04,4.42,3.8461538461538547,0.0,1,3,0.0,0.0,0.0,0.0
2022-08-05,4.59,4.63,4.65,4.53,182526.0,,0.8714596949891185,002115.SZ,002115,2022-08-05,4.59,0.8714596949891185,0.0,1,3,0.0,0.0,0.0,0.0
2022-08-08,4.65,4.73,4.78,4.58,240745.0,,2.159827213822907,002115.SZ,002115,2022-08-08,4.63,2.159827213822907,0.0,1,3,0.0,0.0,0.0,0.0
2022-08-09,4.73,4.67,4.74,4.59,195673.0,,-1.268498942917562,002115.SZ,002115,2022-08-09,4.73,-1.268498942917562,0.0,1,3,0.0,0.0,0.0,0.0
2022-08-10,4.69,4.73,4.94,4.65,364610.0,,1.2847965738758127,002115.SZ,002115,2022-08-10,4.67,1.2847965738758127,0.0,1,3,0.0,0.0,0.0,0.0
2022-08-11,4.79,5.2,5.2,4.73,367693.0,,9.936575052854124,002115.SZ,002115,2022-08-11,4.73,9.936575052854124,0.0,1,3,0.0,0.0,0.0,0.0
2022-08-12,5.1,4.93,5.1,4.9,835428.0,,-5.192307692307696,002115.SZ,002115,2022-08-12,5.2,-5.192307692307696,0.0,1,3,0.0,0.0,0.0,0.0
2022-08-15,4.89,4.89,4.97,4.83,345721.0,,-0.8113590263691739,002115.SZ,002115,2022-08-15,4.93,-0.8113590263691739,0.0,1,3,0.0,0.0,0.0,0.0
2022-08-16,4.85,4.89,4.97,4.84,280587.0,,0.0,002115.SZ,002115,2022-08-16,4.89,0.0,0.0,1,3,0.0,0.0,0.0,0.0
2022-08-17,4.88,4.84,4.91,4.79,266126.0,,-1.0224948875255602,002115.SZ,002115,2022-08-17,4.89,-1.0224948875255602,0.0,1,3,0.0,0.0,0.0,0.0
2022-08-18,4.83,4.86,4.91,4.74,240577.0,,0.4132231404958775,002115.SZ,002115,2022-08-18,4.84,0.4132231404958775,0.0,1,3,0.0,0.0,0.0,0.0
2022-08-19,4.89,4.74,4.92,4.74,196503.0,,-2.4691358024691357,002115.SZ,002115,2022-08-19,4.86,-2.4691358024691357,0.0,1,3,0.0,0.0,0.0,0.0
2022-08-22,4.71,4.77,4.82,4.7,153788.0,,0.6329113924050445,002115.SZ,002115,2022-08-22,4.74,0.6329113924050445,0.0,1,3,0.0,0.0,0.0,0.0
2022-08-23,4.74,4.68,4.79,4.66,176374.0,,-1.8867924528301883,002115.SZ,002115,2022-08-23,4.77,-1.8867924528301883,0.0,1,3,0.0,0.0,0.0,0.0
2022-08-24,4.67,4.5,4.72,4.49,201495.0,,-3.8461538461538436,002115.SZ,002115,2022-08-24,4.68,-3.8461538461538436,0.0,1,3,0.0,0.0,0.0,0.0
2022-08-25,4.51,4.42,4.55,4.35,196281.0,,-1.7777777777777781,002115.SZ,002115,2022-08-25,4.5,-1.7777777777777781,0.0,1,3,0.0,0.0,0.0,0.0
2022-08-26,4.5,4.85,4.86,4.45,685113.0,,9.728506787330303,002115.SZ,002115,2022-08-26,4.42,9.728506787330303,0.0,1,3,0.0,0.0,0.0,0.0
2022-08-29,4.63,4.62,4.77,4.4,693404.0,,-4.742268041237107,002115.SZ,002115,2022-08-29,4.85,-4.742268041237107,0.0,1,3,0.0,0.0,0.0,0.0
2022-08-30,4.64,5.08,5.08,4.59,417484.0,,9.956709956709965,002115.SZ,002115,2022-08-30,4.62,9.956709956709965,0.0,1,3,0.0,0.0,0.0,0.0
2022-08-31,5.59,5.59,5.59,5.59,214068.0,,10.039370078740163,002115.SZ,002115,2022-08-31,5.08,10.039370078740163,0.0,1,3,0.0,0.0,0.0,0.0
2022-09-01,5.59,5.3,6.0,5.25,1974183.0,,-5.187835420393561,002115.SZ,002115,2022-09-01,5.59,-5.187835420393561,0.0,1,3,0.0,0.0,0.0,0.0
2022-09-02,5.37,5.83,5.83,5.37,772673.0,,10.000000000000009,002115.SZ,002115,2022-09-02,5.3,10.000000000000009,0.0,1,3,0.0,0.0,0.0,0.0
2022-09-05,6.41,6.41,6.41,6.41,134525.0,,9.948542024013719,002115.SZ,002115,2022-09-05,5.83,9.948542024013719,0.0,1,3,0.0,0.0,0.0,0.0
2022-09-06,6.37,7.05,7.05,6.31,1957689.0,,9.98439937597504,002115.SZ,002115,2022-09-06,6.41,9.98439937597504,0.0,1,3,0.0,0.0,0.0,0.0
2022-09-07,6.73,6.35,6.74,6.35,1955330.0,,-9.9290780141844,002115.SZ,002115,2022-09-07,7.05,-9.9290780141844,0.0,1,3,0.0,0.0,0.0,0.0
2022-09-08,5.92,5.72,6.18,5.72,1997775.0,,-9.921259842519682,002115.SZ,002115,2022-09-08,6.35,-9.921259842519682,0.0,1,3,0.0,0.0,0.0,0.0
2022-09-09,5.52,5.41,5.6,5.32,1291661.0,,-5.4195804195804165,002115.SZ,002115,2022-09-09,5.72,-5.4195804195804165,0.0,1,3,0.0,0.0,0.0,0.0
2022-09-13,5.38,5.37,5.45,5.29,804406.0,,-0.7393715341959317,002115.SZ,002115,2022-09-13,5.41,-0.7393715341959317,0.0,1,3,0.0,0.0,0.0,0.0
2022-09-14,5.27,5.15,5.35,5.09,894447.0,,-4.096834264432026,002115.SZ,002115,2022-09-14,5.37,-4.096834264432026,0.0,1,3,0.0,0.0,0.0,0.0
2022-09-15,5.19,5.0,5.2,4.93,711931.0,,-2.912621359223311,002115.SZ,002115,2022-09-15,5.15,-2.912621359223311,0.0,1,3,0.0,0.0,0.0,0.0
2022-09-16,4.97,5.06,5.18,4.94,720240.0,,1.200000000000001,002115.SZ,002115,2022-09-16,5.0,1.200000000000001,0.0,1,3,0.0,0.0,0.0,0.0
2022-09-19,5.01,5.1,5.17,4.85,610432.0,,0.7905138339920903,002115.SZ,002115,2022-09-19,5.06,0.7905138339920903,0.0,1,3,0.0,0.0,0.0,0.0
2022-09-20,5.04,5.17,5.33,5.02,854946.0,,1.3725490196078383,002115.SZ,002115,2022-09-20,5.1,1.3725490196078383,0.0,1,3,0.0,0.0,0.0,0.0
2022-09-21,5.04,5.0,5.07,4.91,617757.0,,-3.2882011605415817,002115.SZ,002115,2022-09-21,5.17,-3.2882011605415817,0.0,1,3,0.0,0.0,0.0,0.0
2022-09-22,4.93,4.95,5.15,4.92,572008.0,,-1.0000000000000009,002115.SZ,002115,2022-09-22,5.0,-1.0000000000000009,0.0,1,3,0.0,0.0,0.0,0.0
2022-09-23,4.94,4.7,4.97,4.69,652394.0,,-5.05050505050505,002115.SZ,002115,2022-09-23,4.95,-5.05050505050505,0.0,1,3,0.0,0.0,0.0,0.0
2022-09-26,4.66,4.58,4.74,4.56,429486.0,,-2.553191489361706,002115.SZ,002115,2022-09-26,4.7,-2.553191489361706,0.0,1,3,0.0,0.0,0.0,0.0
2022-09-27,4.64,4.62,4.67,4.54,332365.0,,0.8733624454148492,002115.SZ,002115,2022-09-27,4.58,0.8733624454148492,0.0,1,3,0.0,0.0,0.0,0.0
2022-09-28,4.62,4.44,4.65,4.43,391296.0,,-3.8961038961038863,002115.SZ,002115,2022-09-28,4.62,-3.8961038961038863,0.0,1,3,0.0,0.0,0.0,0.0
2022-09-29,4.5,4.35,4.54,4.34,278042.0,,-2.0270270270270396,002115.SZ,002115,2022-09-29,4.44,-2.0270270270270396,0.0,1,3,0.0,0.0,0.0,0.0
2022-09-30,4.37,4.3,4.41,4.3,211123.0,,-1.1494252873563204,002115.SZ,002115,2022-09-30,4.35,-1.1494252873563204,0.0,1,3,0.0,0.0,0.0,0.0
2022-10-10,4.33,4.25,4.36,4.24,198638.0,,-1.1627906976744096,002115.SZ,002115,2022-10-10,4.3,-1.1627906976744096,0.0,1,3,0.0,0.0,0.0,0.0
2022-10-11,4.27,4.29,4.3,4.2,195795.0,,0.9411764705882453,002115.SZ,002115,2022-10-11,4.25,0.9411764705882453,0.0,1,3,0.0,0.0,0.0,0.0
2022-10-12,4.3,4.45,4.47,4.26,442590.0,,3.7296037296037365,002115.SZ,002115,2022-10-12,4.29,3.7296037296037365,0.0,1,3,0.0,0.0,0.0,0.0
2022-10-13,4.4,4.46,4.54,4.37,410916.0,,0.22471910112358273,002115.SZ,002115,2022-10-13,4.45,0.22471910112358273,0.0,1,3,0.0,0.0,0.0,0.0
2022-10-14,4.52,4.59,4.65,4.48,467972.0,,2.914798206278024,002115.SZ,002115,2022-10-14,4.46,2.914798206278024,0.0,1,3,0.0,0.0,0.0,0.0
2022-10-17,4.54,4.72,4.76,4.53,480469.0,,2.8322440087146017,002115.SZ,002115,2022-10-17,4.59,2.8322440087146017,0.0,1,3,0.0,0.0,0.0,0.0
2022-10-18,4.75,4.72,4.76,4.64,367152.0,,0.0,002115.SZ,002115,2022-10-18,4.72,0.0,0.0,1,3,0.0,0.0,0.0,0.0
2022-10-19,4.74,4.69,4.75,4.64,248770.0,,-0.6355932203389703,002115.SZ,002115,2022-10-19,4.72,-0.6355932203389703,0.0,1,3,0.0,0.0,0.0,0.0
2022-10-20,4.68,4.74,4.83,4.66,324858.0,,1.0660980810234477,002115.SZ,002115,2022-10-20,4.69,1.0660980810234477,0.0,1,3,0.0,0.0,0.0,0.0
2022-10-21,4.73,4.69,4.79,4.67,218384.0,,-1.0548523206751037,002115.SZ,002115,2022-10-21,4.74,-1.0548523206751037,0.0,1,3,0.0,0.0,0.0,0.0
2022-10-24,4.67,4.55,4.74,4.53,305046.0,,-2.9850746268656803,002115.SZ,002115,2022-10-24,4.69,-2.9850746268656803,0.0,1,3,0.0,0.0,0.0,0.0
2022-10-25,4.55,4.54,4.6,4.46,250296.0,,-0.219780219780219,002115.SZ,002115,2022-10-25,4.55,-0.219780219780219,0.0,1,3,0.0,0.0,0.0,0.0
2022-10-26,4.58,4.7,4.71,4.56,299802.0,,3.524229074889873,002115.SZ,002115,2022-10-26,4.54,3.524229074889873,0.0,1,3,0.0,0.0,0.0,0.0
2022-10-27,4.7,4.71,4.77,4.67,241326.0,,0.21276595744681437,002115.SZ,002115,2022-10-27,4.7,0.21276595744681437,0.0,1,3,0.0,0.0,0.0,0.0
2022-10-28,4.68,4.46,4.69,4.41,234649.0,,-5.307855626326963,002115.SZ,002115,2022-10-28,4.71,-5.307855626326963,0.0,1,3,0.0,0.0,0.0,0.0
2022-10-31,4.52,4.62,4.68,4.52,247221.0,,3.587443946188351,002115.SZ,002115,2022-10-31,4.46,3.587443946188351,0.0,1,3,0.0,0.0,0.0,0.0
2022-11-01,4.66,4.68,4.69,4.55,264204.0,,1.298701298701288,002115.SZ,002115,2022-11-01,4.62,1.298701298701288,0.0,1,3,0.0,0.0,0.0,0.0
2022-11-02,4.7,4.79,4.91,4.69,492387.0,,2.3504273504273643,002115.SZ,002115,2022-11-02,4.68,2.3504273504273643,0.0,1,3,0.0,0.0,0.0,0.0
2022-11-03,4.74,4.89,4.99,4.68,851392.0,,2.0876826722338038,002115.SZ,002115,2022-11-03,4.79,2.0876826722338038,0.0,1,3,0.0,0.0,0.0,0.0
2022-11-04,4.96,4.99,5.13,4.83,981938.0,,2.0449897750511425,002115.SZ,002115,2022-11-04,4.89,2.0449897750511425,0.0,1,3,0.0,0.0,0.0,0.0
2022-11-07,4.93,5.0,5.05,4.89,661131.0,,0.2004008016031955,002115.SZ,002115,2022-11-07,4.99,0.2004008016031955,0.0,1,3,0.0,0.0,0.0,0.0
2022-11-08,5.03,4.94,5.03,4.91,359514.0,,-1.19999999999999,002115.SZ,002115,2022-11-08,5.0,-1.19999999999999,0.0,1,3,0.0,0.0,0.0,0.0
2022-11-09,4.95,4.9,4.97,4.9,295143.0,,-0.8097165991902799,002115.SZ,002115,2022-11-09,4.94,-0.8097165991902799,0.0,1,3,0.0,0.0,0.0,0.0
2022-11-10,4.89,4.92,4.97,4.87,281383.0,,0.40816326530610514,002115.SZ,002115,2022-11-10,4.9,0.40816326530610514,0.0,1,3,0.0,0.0,0.0,0.0
2022-11-11,5.0,4.91,5.02,4.9,378588.0,,-0.20325203252031798,002115.SZ,002115,2022-11-11,4.92,-0.20325203252031798,0.0,1,3,0.0,0.0,0.0,0.0
2022-11-14,4.93,4.87,4.95,4.85,282981.0,,-0.8146639511201648,002115.SZ,002115,2022-11-14,4.91,-0.8146639511201648,0.0,1,3,0.0,0.0,0.0,0.0
2022-11-15,4.9,4.98,4.98,4.88,310416.0,,2.2587268993840004,002115.SZ,002115,2022-11-15,4.87,2.2587268993840004,0.0,1,3,0.0,0.0,0.0,0.0
2022-11-16,4.99,5.04,5.15,4.98,573864.0,,1.2048192771084265,002115.SZ,002115,2022-11-16,4.98,1.2048192771084265,0.0,1,3,0.0,0.0,0.0,0.0
2022-11-17,5.03,5.07,5.08,4.99,333191.0,,0.5952380952380931,002115.SZ,002115,2022-11-17,5.04,0.5952380952380931,0.0,1,3,0.0,0.0,0.0,0.0
2022-11-18,5.08,5.06,5.19,5.05,537723.0,,-0.19723865877713243,002115.SZ,002115,2022-11-18,5.07,-0.19723865877713243,0.0,1,3,0.0,0.0,0.0,0.0
2022-11-21,5.01,4.98,5.05,4.92,279095.0,,-1.5810276679841695,002115.SZ,002115,2022-11-21,5.06,-1.5810276679841695,0.0,1,3,0.0,0.0,0.0,0.0
2022-11-22,4.97,5.09,5.23,4.95,615357.0,,2.208835341365445,002115.SZ,002115,2022-11-22,4.98,2.208835341365445,0.0,1,3,0.0,0.0,0.0,0.0
2022-11-23,5.0,4.91,5.07,4.81,461800.0,,-3.5363457760314243,002115.SZ,002115,2022-11-23,5.09,-3.5363457760314243,0.0,1,3,0.0,0.0,0.0,0.0
2022-11-24,4.9,4.86,4.97,4.83,253156.0,,-1.0183299389001976,002115.SZ,002115,2022-11-24,4.91,-1.0183299389001976,0.0,1,3,0.0,0.0,0.0,0.0
2022-11-25,4.84,4.79,4.89,4.77,239280.0,,-1.440329218107006,002115.SZ,002115,2022-11-25,4.86,-1.440329218107006,0.0,1,3,0.0,0.0,0.0,0.0
2022-11-28,4.72,4.75,4.77,4.66,190041.0,,-0.8350730688935326,002115.SZ,002115,2022-11-28,4.79,-0.8350730688935326,0.0,1,3,0.0,0.0,0.0,0.0
2022-11-29,4.76,4.84,4.86,4.73,202087.0,,1.8947368421052602,002115.SZ,002115,2022-11-29,4.75,1.8947368421052602,0.0,1,3,0.0,0.0,0.0,0.0
2022-11-30,4.86,4.88,4.94,4.79,249148.0,,0.8264462809917328,002115.SZ,002115,2022-11-30,4.84,0.8264462809917328,0.0,1,3,0.0,0.0,0.0,0.0
2022-12-01,4.88,4.92,4.99,4.86,242898.0,,0.8196721311475308,002115.SZ,002115,2022-12-01,4.88,0.8196721311475308,0.0,1,3,0.0,0.0,0.0,0.0
2022-12-02,4.94,5.03,5.05,4.89,334605.0,,2.2357723577235866,002115.SZ,002115,2022-12-02,4.92,2.2357723577235866,0.0,1,3,0.0,0.0,0.0,0.0
2022-12-05,5.06,5.06,5.13,5.01,276561.0,,0.5964214711729587,002115.SZ,002115,2022-12-05,5.03,0.5964214711729587,0.0,1,3,0.0,0.0,0.0,0.0
2022-12-06,5.09,4.97,5.09,4.94,234246.0,,-1.7786561264822143,002115.SZ,002115,2022-12-06,5.06,-1.7786561264822143,0.0,1,3,0.0,0.0,0.0,0.0
2022-12-07,4.97,4.97,4.99,4.9,169760.0,,0.0,002115.SZ,002115,2022-12-07,4.97,0.0,0.0,1,3,0.0,0.0,0.0,0.0
2022-12-08,4.96,4.88,4.96,4.87,146264.0,,-1.810865191146882,002115.SZ,002115,2022-12-08,4.97,-1.810865191146882,0.0,1,3,0.0,0.0,0.0,0.0
2022-12-09,4.91,4.82,4.92,4.8,157654.0,,-1.2295081967213073,002115.SZ,002115,2022-12-09,4.88,-1.2295081967213073,0.0,1,3,0.0,0.0,0.0,0.0
2022-12-12,4.83,4.83,4.84,4.76,134979.0,,0.20746887966804906,002115.SZ,002115,2022-12-12,4.82,0.20746887966804906,0.0,1,3,0.0,0.0,0.0,0.0
2022-12-13,4.82,4.79,4.88,4.78,158896.0,,-0.8281573498964856,002115.SZ,002115,2022-12-13,4.83,-0.8281573498964856,0.0,1,3,0.0,0.0,0.0,0.0
2022-12-14,4.76,4.76,4.81,4.75,130661.0,,-0.6263048016701522,002115.SZ,002115,2022-12-14,4.79,-0.6263048016701522,0.0,1,3,0.0,0.0,0.0,0.0
2022-12-15,4.78,4.83,4.87,4.73,169822.0,,1.4705882352941346,002115.SZ,002115,2022-12-15,4.76,1.4705882352941346,0.0,1,3,0.0,0.0,0.0,0.0
2022-12-16,4.83,4.69,4.83,4.68,198843.0,,-2.898550724637672,002115.SZ,002115,2022-12-16,4.83,-2.898550724637672,0.0,1,3,0.0,0.0,0.0,0.0
2022-12-19,4.66,4.54,4.72,4.51,202680.0,,-3.1982942430703654,002115.SZ,002115,2022-12-19,4.69,-3.1982942430703654,0.0,1,3,0.0,0.0,0.0,0.0
2022-12-20,4.53,4.58,4.62,4.5,118355.0,,0.8810572687224738,002115.SZ,002115,2022-12-20,4.54,0.8810572687224738,0.0,1,3,0.0,0.0,0.0,0.0
2022-12-21,4.58,4.5,4.6,4.47,112186.0,,-1.7467248908296984,002115.SZ,002115,2022-12-21,4.58,-1.7467248908296984,0.0,1,3,0.0,0.0,0.0,0.0
2022-12-22,4.52,4.44,4.57,4.42,99355.0,,-1.3333333333333197,002115.SZ,002115,2022-12-22,4.5,-1.3333333333333197,0.0,1,3,0.0,0.0,0.0,0.0
2022-12-23,4.42,4.48,4.55,4.42,114779.0,,0.9009009009008917,002115.SZ,002115,2022-12-23,4.44,0.9009009009008917,0.0,1,3,0.0,0.0,0.0,0.0
2022-12-26,4.51,4.54,4.55,4.49,86861.0,,1.3392857142856984,002115.SZ,002115,2022-12-26,4.48,1.3392857142856984,0.0,1,3,0.0,0.0,0.0,0.0
2022-12-27,4.56,4.54,4.58,4.5,91495.0,,0.0,002115.SZ,002115,2022-12-27,4.54,0.0,0.0,1,3,0.0,0.0,0.0,0.0
2022-12-28,4.55,4.48,4.56,4.47,95256.0,,-1.3215859030836885,002115.SZ,002115,2022-12-28,4.54,-1.3215859030836885,0.0,1,3,0.0,0.0,0.0,0.0
2022-12-29,4.47,4.46,4.54,4.46,85302.0,,-0.44642857142858094,002115.SZ,002115,2022-12-29,4.48,-0.44642857142858094,0.0,1,3,0.0,0.0,0.0,0.0
2022-12-30,4.47,4.53,4.58,4.45,119350.0,,1.5695067264574147,002115.SZ,002115,2022-12-30,4.46,1.5695067264574147,0.0,1,3,0.0,0.0,0.0,0.0
2023-01-03,4.55,4.78,4.83,4.54,284093.0,,5.518763796909498,002115.SZ,002115,2023-01-03,4.53,5.518763796909498,0.0,1,3,0.0,0.0,0.0,0.0
2023-01-04,4.82,4.99,5.02,4.78,477178.0,,4.3933054393305415,002115.SZ,002115,2023-01-04,4.78,4.3933054393305415,0.0,1,3,0.0,0.0,0.0,0.0
2023-01-05,4.99,4.91,5.0,4.89,255309.0,,-1.603206412825653,002115.SZ,002115,2023-01-05,4.99,-1.603206412825653,0.0,1,3,0.0,0.0,0.0,0.0
2023-01-06,4.93,4.87,4.94,4.83,179711.0,,-0.8146639511201648,002115.SZ,002115,2023-01-06,4.91,-0.8146639511201648,0.0,1,3,0.0,0.0,0.0,0.0
2023-01-09,4.92,4.84,4.93,4.83,158904.0,,-0.6160164271047264,002115.SZ,002115,2023-01-09,4.87,-0.6160164271047264,0.0,1,3,0.0,0.0,0.0,0.0
2023-01-10,4.86,4.89,4.91,4.82,154518.0,,1.0330578512396604,002115.SZ,002115,2023-01-10,4.84,1.0330578512396604,0.0,1,3,0.0,0.0,0.0,0.0
2023-01-11,4.89,4.89,5.05,4.86,267603.0,,0.0,002115.SZ,002115,2023-01-11,4.89,0.0,0.0,1,3,0.0,0.0,0.0,0.0
2023-01-12,4.91,4.94,4.99,4.86,206692.0,,1.0224948875255713,002115.SZ,002115,2023-01-12,4.89,1.0224948875255713,0.0,1,3,0.0,0.0,0.0,0.0
2023-01-13,4.96,4.93,4.98,4.9,135949.0,,-0.2024291497975894,002115.SZ,002115,2023-01-13,4.94,-0.2024291497975894,0.0,1,3,0.0,0.0,0.0,0.0
2023-01-16,4.94,4.96,5.02,4.92,166066.0,,0.6085192697768749,002115.SZ,002115,2023-01-16,4.93,0.6085192697768749,0.0,1,3,0.0,0.0,0.0,0.0
2023-01-17,4.96,4.9,4.98,4.87,146639.0,,-1.2096774193548265,002115.SZ,002115,2023-01-17,4.96,-1.2096774193548265,0.0,1,3,0.0,0.0,0.0,0.0
2023-01-18,4.9,4.96,5.0,4.89,168032.0,,1.2244897959183598,002115.SZ,002115,2023-01-18,4.9,1.2244897959183598,0.0,1,3,0.0,0.0,0.0,0.0
2023-01-19,4.96,4.98,5.0,4.93,112743.0,,0.40322580645162365,002115.SZ,002115,2023-01-19,4.96,0.40322580645162365,0.0,1,3,0.0,0.0,0.0,0.0
2023-01-20,4.98,5.05,5.06,4.95,215087.0,,1.4056224899598346,002115.SZ,002115,2023-01-20,4.98,1.4056224899598346,0.0,1,3,0.0,0.0,0.0,0.0
2023-01-30,5.11,5.11,5.14,5.05,277701.0,,1.1881188118811892,002115.SZ,002115,2023-01-30,5.05,1.1881188118811892,0.0,1,3,0.0,0.0,0.0,0.0
2023-01-31,5.23,5.24,5.28,5.12,437305.0,,2.544031311154593,002115.SZ,002115,2023-01-31,5.11,2.544031311154593,0.0,1,3,0.0,0.0,0.0,0.0
2023-02-01,5.22,5.29,5.3,5.19,332121.0,,0.9541984732824416,002115.SZ,002115,2023-02-01,5.24,0.9541984732824416,0.0,1,3,0.0,0.0,0.0,0.0
2023-02-02,5.35,5.32,5.41,5.28,397443.0,,0.5671077504725952,002115.SZ,002115,2023-02-02,5.29,0.5671077504725952,0.0,1,3,0.0,0.0,0.0,0.0
2023-02-03,5.32,5.39,5.41,5.29,281290.0,,1.3157894736842035,002115.SZ,002115,2023-02-03,5.32,1.3157894736842035,0.0,1,3,0.0,0.0,0.0,0.0
2023-02-06,5.41,5.37,5.43,5.31,221441.0,,-0.37105751391465214,002115.SZ,002115,2023-02-06,5.39,-0.37105751391465214,0.0,1,3,0.0,0.0,0.0,0.0
2023-02-07,5.34,5.4,5.42,5.32,224228.0,,0.5586592178770999,002115.SZ,002115,2023-02-07,5.37,0.5586592178770999,0.0,1,3,0.0,0.0,0.0,0.0
2023-02-08,5.4,5.32,5.46,5.31,205687.0,,-1.4814814814814836,002115.SZ,002115,2023-02-08,5.4,-1.4814814814814836,0.0,1,3,0.0,0.0,0.0,0.0
2023-02-09,5.36,5.49,5.51,5.27,291740.0,,3.195488721804507,002115.SZ,002115,2023-02-09,5.32,3.195488721804507,0.0,1,3,0.0,0.0,0.0,0.0
2023-02-10,5.47,5.5,5.55,5.44,264854.0,,0.18214936247722413,002115.SZ,002115,2023-02-10,5.49,0.18214936247722413,0.0,1,3,0.0,0.0,0.0,0.0
2023-02-13,5.48,5.51,5.56,5.45,187359.0,,0.1818181818181719,002115.SZ,002115,2023-02-13,5.5,0.1818181818181719,0.0,1,3,0.0,0.0,0.0,0.0
2023-02-14,5.57,5.54,5.6,5.51,203273.0,,0.5444646098003769,002115.SZ,002115,2023-02-14,5.51,0.5444646098003769,0.0,1,3,0.0,0.0,0.0,0.0
2023-02-15,5.54,5.64,5.69,5.51,256968.0,,1.8050541516245522,002115.SZ,002115,2023-02-15,5.54,1.8050541516245522,0.0,1,3,0.0,0.0,0.0,0.0
2023-02-16,5.62,5.5,5.67,5.43,339405.0,,-2.4822695035460973,002115.SZ,002115,2023-02-16,5.64,-2.4822695035460973,0.0,1,3,0.0,0.0,0.0,0.0
2023-02-17,5.47,5.38,5.54,5.35,244150.0,,-2.1818181818181848,002115.SZ,002115,2023-02-17,5.5,-2.1818181818181848,0.0,1,3,0.0,0.0,0.0,0.0
2023-02-20,5.38,5.5,5.51,5.32,190040.0,,2.230483271375472,002115.SZ,002115,2023-02-20,5.38,2.230483271375472,0.0,1,3,0.0,0.0,0.0,0.0
2023-02-21,5.51,5.53,5.75,5.47,315146.0,,0.5454545454545601,002115.SZ,002115,2023-02-21,5.5,0.5454545454545601,0.0,1,3,0.0,0.0,0.0,0.0
2023-02-22,5.5,5.61,5.62,5.41,287951.0,,1.4466546112115841,002115.SZ,002115,2023-02-22,5.53,1.4466546112115841,0.0,1,3,0.0,0.0,0.0,0.0
2023-02-23,5.69,5.45,5.74,5.39,531959.0,,-2.8520499108734443,002115.SZ,002115,2023-02-23,5.61,-2.8520499108734443,0.0,1,3,0.0,0.0,0.0,0.0
2023-02-24,5.46,5.56,5.59,5.45,373679.0,,2.0183486238531945,002115.SZ,002115,2023-02-24,5.45,2.0183486238531945,0.0,1,3,0.0,0.0,0.0,0.0
2023-02-27,5.49,5.46,5.57,5.43,224534.0,,-1.7985611510791255,002115.SZ,002115,2023-02-27,5.56,-1.7985611510791255,0.0,1,3,0.0,0.0,0.0,0.0
2023-02-28,5.48,5.51,5.58,5.42,213930.0,,0.9157509157509125,002115.SZ,002115,2023-02-28,5.46,0.9157509157509125,0.0,1,3,0.0,0.0,0.0,0.0
2023-03-01,5.47,5.66,5.68,5.47,379193.0,,2.722323049001818,002115.SZ,002115,2023-03-01,5.51,2.722323049001818,0.0,1,3,0.0,0.0,0.0,0.0
2023-03-02,5.63,5.82,5.97,5.61,819126.0,,2.8268551236749095,002115.SZ,002115,2023-03-02,5.66,2.8268551236749095,0.0,1,3,0.0,0.0,0.0,0.0
2023-03-03,5.85,5.86,6.05,5.75,876842.0,,0.6872852233676952,002115.SZ,002115,2023-03-03,5.82,0.6872852233676952,0.0,1,3,0.0,0.0,0.0,0.0
2023-03-06,5.96,6.25,6.45,5.91,1698056.0,,6.655290102389078,002115.SZ,002115,2023-03-06,5.86,6.655290102389078,0.0,1,3,0.0,0.0,0.0,0.0
2023-03-07,6.15,5.88,6.24,5.83,1255285.0,,-5.9200000000000035,002115.SZ,002115,2023-03-07,6.25,-5.9200000000000035,0.0,1,3,0.0,0.0,0.0,0.0
2023-03-08,5.8,6.47,6.47,5.8,1005033.0,,10.034013605442183,002115.SZ,002115,2023-03-08,5.88,10.034013605442183,0.0,1,3,0.0,0.0,0.0,0.0
2023-03-09,6.79,6.97,7.12,6.6,2781510.0,,7.727975270479126,002115.SZ,002115,2023-03-09,6.47,7.727975270479126,0.0,1,3,0.0,0.0,0.0,0.0
2023-03-10,6.69,6.51,6.83,6.51,1678567.0,,-6.599713055954092,002115.SZ,002115,2023-03-10,6.97,-6.599713055954092,0.0,1,3,0.0,0.0,0.0,0.0
2023-03-13,6.44,6.54,6.7,6.27,1277608.0,,0.4608294930875667,002115.SZ,002115,2023-03-13,6.51,0.4608294930875667,0.0,1,3,0.0,0.0,0.0,0.0
2023-03-14,6.42,6.68,6.8,6.28,1531540.0,,2.1406727828746197,002115.SZ,002115,2023-03-14,6.54,2.1406727828746197,0.0,1,3,0.0,0.0,0.0,0.0
2023-03-15,6.54,6.83,7.0,6.42,1537512.0,,2.2455089820359264,002115.SZ,002115,2023-03-15,6.68,2.2455089820359264,0.0,1,3,0.0,0.0,0.0,0.0
2023-03-16,6.7,7.26,7.51,6.62,2359184.0,,6.295754026354317,002115.SZ,002115,2023-03-16,6.83,6.295754026354317,0.0,1,3,0.0,0.0,0.0,0.0
2023-03-17,7.27,7.24,7.53,7.12,1986248.0,,-0.2754820936639035,002115.SZ,002115,2023-03-17,7.26,-0.2754820936639035,0.0,1,3,0.0,0.0,0.0,0.0
2023-03-20,7.09,6.81,7.23,6.8,1468594.0,,-5.939226519337026,002115.SZ,002115,2023-03-20,7.24,-5.939226519337026,0.0,1,3,0.0,0.0,0.0,0.0
2023-03-21,6.78,6.9,6.92,6.56,1207566.0,,1.3215859030837107,002115.SZ,002115,2023-03-21,6.81,1.3215859030837107,0.0,1,3,0.0,0.0,0.0,0.0
2023-03-22,6.76,6.83,6.92,6.7,871828.0,,-1.0144927536231974,002115.SZ,002115,2023-03-22,6.9,-1.0144927536231974,0.0,1,3,0.0,0.0,0.0,0.0
2023-03-23,6.7,6.88,6.97,6.65,1007384.0,,0.7320644216691097,002115.SZ,002115,2023-03-23,6.83,0.7320644216691097,0.0,1,3,0.0,0.0,0.0,0.0
2023-03-24,6.79,6.64,6.85,6.58,864460.0,,-3.488372093023262,002115.SZ,002115,2023-03-24,6.88,-3.488372093023262,0.0,1,3,0.0,0.0,0.0,0.0
2023-03-27,6.66,6.92,7.08,6.64,1064409.0,,4.216867469879526,002115.SZ,002115,2023-03-27,6.64,4.216867469879526,0.0,1,3,0.0,0.0,0.0,0.0
2023-03-28,6.82,6.89,7.2,6.76,1004138.0,,-0.43352601156069204,002115.SZ,002115,2023-03-28,6.92,-0.43352601156069204,0.0,1,3,0.0,0.0,0.0,0.0
2023-03-29,6.8,7.18,7.18,6.66,1040481.0,,4.208998548621201,002115.SZ,002115,2023-03-29,6.89,4.208998548621201,0.0,1,3,0.0,0.0,0.0,0.0
2023-03-30,7.31,6.93,7.76,6.85,1587842.0,,-3.4818941504178302,002115.SZ,002115,2023-03-30,7.18,-3.4818941504178302,0.0,1,3,0.0,0.0,0.0,0.0
2023-03-31,6.87,7.05,7.15,6.86,947175.0,,1.7316017316017396,002115.SZ,002115,2023-03-31,6.93,1.7316017316017396,0.0,1,3,0.0,0.0,0.0,0.0
2023-04-03,6.98,7.31,7.4,6.95,1132649.0,,3.687943262411353,002115.SZ,002115,2023-04-03,7.05,3.687943262411353,0.0,1,3,0.0,0.0,0.0,0.0
2023-04-04,7.22,7.67,7.71,7.17,1383782.0,,4.924760601915179,002115.SZ,002115,2023-04-04,7.31,4.924760601915179,0.0,1,3,0.0,0.0,0.0,0.0
2023-04-06,7.51,7.36,7.59,7.24,1019654.0,,-4.041720990873532,002115.SZ,002115,2023-04-06,7.67,-4.041720990873532,0.0,1,3,0.0,0.0,0.0,0.0
2023-04-07,7.3,7.27,7.5,7.22,666793.0,,-1.22282608695653,002115.SZ,002115,2023-04-07,7.36,-1.22282608695653,0.0,1,3,0.0,0.0,0.0,0.0
2023-04-10,7.28,6.7,7.28,6.69,940072.0,,-7.8404401650618905,002115.SZ,002115,2023-04-10,7.27,-7.8404401650618905,0.0,1,3,0.0,0.0,0.0,0.0
2023-04-11,6.7,6.72,6.83,6.43,553789.0,,0.29850746268655914,002115.SZ,002115,2023-04-11,6.7,0.29850746268655914,0.0,1,3,0.0,0.0,0.0,0.0
2023-04-12,6.7,6.89,7.07,6.66,610225.0,,2.529761904761907,002115.SZ,002115,2023-04-12,6.72,2.529761904761907,0.0,1,3,0.0,0.0,0.0,0.0
2023-04-13,6.85,6.63,6.89,6.58,576005.0,,-3.7735849056603765,002115.SZ,002115,2023-04-13,6.89,-3.7735849056603765,0.0,1,3,0.0,0.0,0.0,0.0
2023-04-14,6.64,6.58,6.8,6.5,439879.0,,-0.7541478129713397,002115.SZ,002115,2023-04-14,6.63,-0.7541478129713397,0.0,1,3,0.0,0.0,0.0,0.0
2023-04-17,6.54,6.44,6.58,6.38,417214.0,,-2.127659574468077,002115.SZ,002115,2023-04-17,6.58,-2.127659574468077,0.0,1,3,0.0,0.0,0.0,0.0
2023-04-18,6.45,6.48,6.53,6.25,415999.0,,0.6211180124223503,002115.SZ,002115,2023-04-18,6.44,0.6211180124223503,0.0,1,3,0.0,0.0,0.0,0.0
2023-04-19,6.48,6.51,6.64,6.43,426128.0,,0.4629629629629539,002115.SZ,002115,2023-04-19,6.48,0.4629629629629539,0.0,1,3,0.0,0.0,0.0,0.0
2023-04-20,6.67,6.7,6.94,6.66,681679.0,,2.9185867895545448,002115.SZ,002115,2023-04-20,6.51,2.9185867895545448,0.0,1,3,0.0,0.0,0.0,0.0
2023-04-21,6.76,6.6,7.04,6.58,886230.0,,-1.4925373134328401,002115.SZ,002115,2023-04-21,6.7,-1.4925373134328401,0.0,1,3,0.0,0.0,0.0,0.0
2023-04-24,6.53,6.47,6.72,6.4,567036.0,,-1.9696969696969657,002115.SZ,002115,2023-04-24,6.6,-1.9696969696969657,0.0,1,3,0.0,0.0,0.0,0.0
2023-04-25,6.4,6.24,6.44,6.1,551070.0,,-3.554868624420393,002115.SZ,002115,2023-04-25,6.47,-3.554868624420393,0.0,1,3,0.0,0.0,0.0,0.0
2023-04-26,6.19,6.14,6.3,5.94,463628.0,,-1.602564102564108,002115.SZ,002115,2023-04-26,6.24,-1.602564102564108,0.0,1,3,0.0,0.0,0.0,0.0
2023-04-27,6.1,6.02,6.24,5.96,334341.0,,-1.9543973941368087,002115.SZ,002115,2023-04-27,6.14,-1.9543973941368087,0.0,1,3,0.0,0.0,0.0,0.0
2023-04-28,6.05,6.38,6.39,6.02,467169.0,,5.980066445182719,002115.SZ,002115,2023-04-28,6.02,5.980066445182719,0.0,1,3,0.0,0.0,0.0,0.0
2023-05-04,6.4,6.34,6.49,6.21,383454.0,,-0.6269592476489061,002115.SZ,002115,2023-05-04,6.38,-0.6269592476489061,0.0,1,3,0.0,0.0,0.0,0.0
2023-05-05,6.33,6.2,6.33,6.12,300704.0,,-2.208201892744477,002115.SZ,002115,2023-05-05,6.34,-2.208201892744477,0.0,1,3,0.0,0.0,0.0,0.0
2023-05-08,6.19,6.42,6.45,6.15,395837.0,,3.548387096774186,002115.SZ,002115,2023-05-08,6.2,3.548387096774186,0.0,1,3,0.0,0.0,0.0,0.0
2023-05-09,6.33,6.14,6.38,6.13,377131.0,,-4.361370716510904,002115.SZ,002115,2023-05-09,6.42,-4.361370716510904,0.0,1,3,0.0,0.0,0.0,0.0
2023-05-10,6.18,6.2,6.38,6.12,357157.0,,0.9771986970684043,002115.SZ,002115,2023-05-10,6.14,0.9771986970684043,0.0,1,3,0.0,0.0,0.0,0.0
2023-05-11,6.18,6.24,6.34,6.13,287596.0,,0.6451612903225712,002115.SZ,002115,2023-05-11,6.2,0.6451612903225712,0.0,1,3,0.0,0.0,0.0,0.0
2023-05-12,6.24,6.16,6.3,6.14,210674.0,,-1.2820512820512886,002115.SZ,002115,2023-05-12,6.24,-1.2820512820512886,0.0,1,3,0.0,0.0,0.0,0.0
2023-05-15,6.16,6.11,6.18,5.88,325560.0,,-0.8116883116883078,002115.SZ,002115,2023-05-15,6.16,-0.8116883116883078,0.0,1,3,0.0,0.0,0.0,0.0
2023-05-16,6.11,5.9,6.11,5.89,214857.0,,-3.436988543371522,002115.SZ,002115,2023-05-16,6.11,-3.436988543371522,0.0,1,3,0.0,0.0,0.0,0.0
2023-05-17,5.89,5.99,6.08,5.87,192945.0,,1.5254237288135464,002115.SZ,002115,2023-05-17,5.9,1.5254237288135464,0.0,1,3,0.0,0.0,0.0,0.0
2023-05-18,5.98,6.15,6.18,5.96,263116.0,,2.6711185308848195,002115.SZ,002115,2023-05-18,5.99,2.6711185308848195,0.0,1,3,0.0,0.0,0.0,0.0
2023-05-19,6.1,6.05,6.15,6.0,203622.0,,-1.6260162601626105,002115.SZ,002115,2023-05-19,6.15,-1.6260162601626105,0.0,1,3,0.0,0.0,0.0,0.0
2023-05-22,6.02,5.95,6.07,5.92,173037.0,,-1.6528925619834656,002115.SZ,002115,2023-05-22,6.05,-1.6528925619834656,0.0,1,3,0.0,0.0,0.0,0.0
2023-05-23,5.96,5.81,5.98,5.8,193882.0,,-2.352941176470602,002115.SZ,002115,2023-05-23,5.95,-2.352941176470602,0.0,1,3,0.0,0.0,0.0,0.0
2023-05-24,5.78,5.83,5.92,5.76,147038.0,,0.3442340791738552,002115.SZ,002115,2023-05-24,5.81,0.3442340791738552,0.0,1,3,0.0,0.0,0.0,0.0
2023-05-25,5.84,5.82,5.96,5.74,193438.0,,-0.17152658662091813,002115.SZ,002115,2023-05-25,5.83,-0.17152658662091813,0.0,1,3,0.0,0.0,0.0,0.0
2023-05-26,5.81,5.91,5.91,5.79,184277.0,,1.546391752577314,002115.SZ,002115,2023-05-26,5.82,1.546391752577314,0.0,1,3,0.0,0.0,0.0,0.0
2023-05-29,5.89,6.03,6.2,5.88,367681.0,,2.0304568527918843,002115.SZ,002115,2023-05-29,5.91,2.0304568527918843,0.0,1,3,0.0,0.0,0.0,0.0
2023-05-30,6.04,6.11,6.14,5.87,278872.0,,1.3266998341625147,002115.SZ,002115,2023-05-30,6.03,1.3266998341625147,0.0,1,3,0.0,0.0,0.0,0.0
2023-05-31,6.1,6.24,6.27,6.1,330008.0,,2.127659574468077,002115.SZ,002115,2023-05-31,6.11,2.127659574468077,0.0,1,3,0.0,0.0,0.0,0.0
2023-06-01,6.19,6.29,6.35,6.17,267673.0,,0.8012820512820484,002115.SZ,002115,2023-06-01,6.24,0.8012820512820484,0.0,1,3,0.0,0.0,0.0,0.0
2023-06-02,6.33,6.29,6.38,6.25,228461.0,,0.0,002115.SZ,002115,2023-06-02,6.29,0.0,0.0,1,3,0.0,0.0,0.0,0.0
2023-06-05,6.31,6.44,6.5,6.25,281943.0,,2.384737678855342,002115.SZ,002115,2023-06-05,6.29,2.384737678855342,0.0,1,3,0.0,0.0,0.0,0.0
2023-06-06,6.42,6.28,6.49,6.25,232058.0,,-2.4844720496894457,002115.SZ,002115,2023-06-06,6.44,-2.4844720496894457,0.0,1,3,0.0,0.0,0.0,0.0
2023-06-07,6.27,6.35,6.4,6.23,169254.0,,1.1146496815286566,002115.SZ,002115,2023-06-07,6.28,1.1146496815286566,0.0,1,3,0.0,0.0,0.0,0.0
2023-06-08,6.38,6.31,6.39,6.23,167602.0,,-0.6299212598425252,002115.SZ,002115,2023-06-08,6.35,-0.6299212598425252,0.0,1,3,0.0,0.0,0.0,0.0
2023-06-09,6.34,6.42,6.44,6.25,228541.0,,1.7432646592709933,002115.SZ,002115,2023-06-09,6.31,1.7432646592709933,0.0,1,3,0.0,0.0,0.0,0.0
2023-06-12,6.41,6.4,6.46,6.36,184337.0,,-0.31152647975076775,002115.SZ,002115,2023-06-12,6.42,-0.31152647975076775,0.0,1,3,0.0,0.0,0.0,0.0
2023-06-13,6.42,6.52,6.56,6.37,264460.0,,1.8749999999999822,002115.SZ,002115,2023-06-13,6.4,1.8749999999999822,0.0,1,3,0.0,0.0,0.0,0.0
2023-06-14,6.51,6.64,6.66,6.47,365017.0,,1.8404907975460238,002115.SZ,002115,2023-06-14,6.52,1.8404907975460238,0.0,1,3,0.0,0.0,0.0,0.0
2023-06-15,6.67,6.6,6.75,6.56,330914.0,,-0.6024096385542133,002115.SZ,002115,2023-06-15,6.64,-0.6024096385542133,0.0,1,3,0.0,0.0,0.0,0.0
2023-06-16,6.57,6.64,6.72,6.49,279578.0,,0.60606060606061,002115.SZ,002115,2023-06-16,6.6,0.60606060606061,0.0,1,3,0.0,0.0,0.0,0.0
2023-06-19,6.62,6.62,6.7,6.6,208430.0,,-0.3012048192771011,002115.SZ,002115,2023-06-19,6.64,-0.3012048192771011,0.0,1,3,0.0,0.0,0.0,0.0
2023-06-20,6.63,6.6,6.65,6.5,211198.0,,-0.30211480362538623,002115.SZ,002115,2023-06-20,6.62,-0.30211480362538623,0.0,1,3,0.0,0.0,0.0,0.0
2023-06-21,6.6,6.39,6.62,6.38,246768.0,,-3.1818181818181857,002115.SZ,002115,2023-06-21,6.6,-3.1818181818181857,0.0,1,3,0.0,0.0,0.0,0.0
2023-06-26,6.36,6.11,6.45,6.08,267862.0,,-4.381846635367747,002115.SZ,002115,2023-06-26,6.39,-4.381846635367747,0.0,1,3,0.0,0.0,0.0,0.0
2023-06-27,6.12,6.37,6.37,6.11,226260.0,,4.255319148936176,002115.SZ,002115,2023-06-27,6.11,4.255319148936176,0.0,1,3,0.0,0.0,0.0,0.0
2023-06-28,6.35,6.35,6.4,6.02,346363.0,,-0.31397174254317317,002115.SZ,002115,2023-06-28,6.37,-0.31397174254317317,0.0,1,3,0.0,0.0,0.0,0.0
2023-06-29,6.35,6.5,6.61,6.28,398116.0,,2.3622047244094446,002115.SZ,002115,2023-06-29,6.35,2.3622047244094446,0.0,1,3,0.0,0.0,0.0,0.0
2023-06-30,6.45,6.52,6.61,6.4,313413.0,,0.3076923076922977,002115.SZ,002115,2023-06-30,6.5,0.3076923076922977,0.0,1,3,0.0,0.0,0.0,0.0
2023-07-03,6.52,6.39,6.57,6.25,291343.0,,-1.9938650306748462,002115.SZ,002115,2023-07-03,6.52,-1.9938650306748462,0.0,1,3,0.0,0.0,0.0,0.0
2023-07-04,6.36,6.42,6.44,6.29,197675.0,,0.46948356807512415,002115.SZ,002115,2023-07-04,6.39,0.46948356807512415,0.0,1,3,0.0,0.0,0.0,0.0
2023-07-05,6.38,6.29,6.45,6.28,188252.0,,-2.024922118380057,002115.SZ,002115,2023-07-05,6.42,-2.024922118380057,0.0,1,3,0.0,0.0,0.0,0.0
2023-07-06,6.28,6.7,6.92,6.26,1332158.0,,6.518282988871227,002115.SZ,002115,2023-07-06,6.29,6.518282988871227,0.0,1,3,0.0,0.0,0.0,0.0
2023-07-07,6.71,6.51,6.75,6.35,928538.0,,-2.8358208955223896,002115.SZ,002115,2023-07-07,6.7,-2.8358208955223896,0.0,1,3,0.0,0.0,0.0,0.0
2023-07-10,6.58,7.16,7.16,6.51,1303878.0,,9.984639016897079,002115.SZ,002115,2023-07-10,6.51,9.984639016897079,0.0,1,3,0.0,0.0,0.0,0.0
2023-07-11,7.13,7.06,7.26,6.95,1396114.0,,-1.3966480446927498,002115.SZ,002115,2023-07-11,7.16,-1.3966480446927498,0.0,1,3,0.0,0.0,0.0,0.0
2023-07-12,7.09,7.09,7.23,6.98,1131823.0,,0.4249291784702569,002115.SZ,002115,2023-07-12,7.06,0.4249291784702569,0.0,1,3,0.0,0.0,0.0,0.0
2023-07-13,7.0,6.9,7.02,6.78,760699.0,,-2.6798307475317307,002115.SZ,002115,2023-07-13,7.09,-2.6798307475317307,0.0,1,3,0.0,0.0,0.0,0.0
2023-07-14,6.85,6.85,6.96,6.81,519963.0,,-0.7246376811594346,002115.SZ,002115,2023-07-14,6.9,-0.7246376811594346,0.0,1,3,0.0,0.0,0.0,0.0
2023-07-17,6.8,6.82,6.91,6.77,336738.0,,-0.4379562043795526,002115.SZ,002115,2023-07-17,6.85,-0.4379562043795526,0.0,1,3,0.0,0.0,0.0,0.0
2023-07-18,6.82,6.61,6.83,6.58,443002.0,,-3.079178885630496,002115.SZ,002115,2023-07-18,6.82,-3.079178885630496,0.0,1,3,0.0,0.0,0.0,0.0
2023-07-19,6.61,6.55,6.63,6.47,321331.0,,-0.9077155824508409,002115.SZ,002115,2023-07-19,6.61,-0.9077155824508409,0.0,1,3,0.0,0.0,0.0,0.0
2023-07-20,6.58,6.39,6.61,6.38,304563.0,,-2.442748091603053,002115.SZ,002115,2023-07-20,6.55,-2.442748091603053,0.0,1,3,0.0,0.0,0.0,0.0
2023-07-21,6.39,6.41,6.45,6.3,233363.0,,0.3129890453834161,002115.SZ,002115,2023-07-21,6.39,0.3129890453834161,0.0,1,3,0.0,0.0,0.0,0.0
2023-07-24,6.4,6.4,6.48,6.33,154405.0,,-0.15600624024960652,002115.SZ,002115,2023-07-24,6.41,-0.15600624024960652,0.0,1,3,0.0,0.0,0.0,0.0
2023-07-25,6.45,6.52,6.54,6.43,209346.0,,1.8749999999999822,002115.SZ,002115,2023-07-25,6.4,1.8749999999999822,0.0,1,3,0.0,0.0,0.0,0.0
2023-07-26,6.5,6.35,6.5,6.33,223315.0,,-2.60736196319018,002115.SZ,002115,2023-07-26,6.52,-2.60736196319018,0.0,1,3,0.0,0.0,0.0,0.0
2023-07-27,6.34,6.21,6.38,6.19,216256.0,,-2.2047244094488105,002115.SZ,002115,2023-07-27,6.35,-2.2047244094488105,0.0,1,3,0.0,0.0,0.0,0.0
2023-07-28,6.2,6.2,6.24,6.13,161172.0,,-0.16103059581320522,002115.SZ,002115,2023-07-28,6.21,-0.16103059581320522,0.0,1,3,0.0,0.0,0.0,0.0
2023-07-31,6.19,6.35,6.4,6.18,221056.0,,2.4193548387096753,002115.SZ,002115,2023-07-31,6.2,2.4193548387096753,0.0,1,3,0.0,0.0,0.0,0.0
2023-08-01,6.35,6.29,6.35,6.24,158563.0,,-0.9448818897637712,002115.SZ,002115,2023-08-01,6.35,-0.9448818897637712,0.0,1,3,0.0,0.0,0.0,0.0
2023-08-02,6.29,6.26,6.29,6.22,106790.0,,-0.4769475357710662,002115.SZ,002115,2023-08-02,6.29,-0.4769475357710662,0.0,1,3,0.0,0.0,0.0,0.0
2023-08-03,6.24,6.24,6.28,6.21,73635.0,,-0.31948881789136685,002115.SZ,002115,2023-08-03,6.26,-0.31948881789136685,0.0,1,3,0.0,0.0,0.0,0.0
2023-08-04,6.24,6.34,6.36,6.23,172390.0,,1.6025641025640969,002115.SZ,002115,2023-08-04,6.24,1.6025641025640969,0.0,1,3,0.0,0.0,0.0,0.0
2023-08-07,6.37,6.4,6.46,6.34,169908.0,,0.9463722397476504,002115.SZ,002115,2023-08-07,6.34,0.9463722397476504,0.0,1,3,0.0,0.0,0.0,0.0
2023-08-08,6.41,6.3,6.43,6.29,124960.0,,-1.562500000000011,002115.SZ,002115,2023-08-08,6.4,-1.562500000000011,0.0,1,3,0.0,0.0,0.0,0.0
2023-08-09,6.33,6.23,6.34,6.22,77884.0,,-1.111111111111096,002115.SZ,002115,2023-08-09,6.3,-1.111111111111096,0.0,1,3,0.0,0.0,0.0,0.0
2023-08-10,6.21,6.24,6.31,6.2,59829.0,,0.16051364365969878,002115.SZ,002115,2023-08-10,6.23,0.16051364365969878,0.0,1,3,0.0,0.0,0.0,0.0
2023-08-11,6.28,6.19,6.29,6.19,91099.0,,-0.8012820512820484,002115.SZ,002115,2023-08-11,6.24,-0.8012820512820484,0.0,1,3,0.0,0.0,0.0,0.0
2023-08-14,6.12,6.26,6.26,6.11,73784.0,,1.1308562197092087,002115.SZ,002115,2023-08-14,6.19,1.1308562197092087,0.0,1,3,0.0,0.0,0.0,0.0
2023-08-15,6.25,6.11,6.26,6.06,119919.0,,-2.396166134185296,002115.SZ,002115,2023-08-15,6.26,-2.396166134185296,0.0,1,3,0.0,0.0,0.0,0.0
2023-08-16,6.11,5.94,6.15,5.9,135785.0,,-2.782324058919805,002115.SZ,002115,2023-08-16,6.11,-2.782324058919805,0.0,1,3,0.0,0.0,0.0,0.0
2023-08-17,5.94,6.09,6.1,5.86,118542.0,,2.525252525252508,002115.SZ,002115,2023-08-17,5.94,2.525252525252508,0.0,1,3,0.0,0.0,0.0,0.0
2023-08-18,6.08,5.96,6.12,5.96,89672.0,,-2.1346469622331665,002115.SZ,002115,2023-08-18,6.09,-2.1346469622331665,0.0,1,3,0.0,0.0,0.0,0.0
2023-08-21,6.0,5.95,6.07,5.95,72129.0,,-0.1677852348993203,002115.SZ,002115,2023-08-21,5.96,-0.1677852348993203,0.0,1,3,0.0,0.0,0.0,0.0
2023-08-22,5.96,6.08,6.08,5.95,105572.0,,2.184873949579824,002115.SZ,002115,2023-08-22,5.95,2.184873949579824,0.0,1,3,0.0,0.0,0.0,0.0
2023-08-23,6.04,6.01,6.09,5.94,116476.0,,-1.1513157894736836,002115.SZ,002115,2023-08-23,6.08,-1.1513157894736836,0.0,1,3,0.0,0.0,0.0,0.0
2023-08-24,6.02,6.0,6.07,5.96,94180.0,,-0.16638935108153063,002115.SZ,002115,2023-08-24,6.01,-0.16638935108153063,0.0,1,3,0.0,0.0,0.0,0.0
2023-08-25,5.98,5.7,5.98,5.67,186746.0,,-4.999999999999993,002115.SZ,002115,2023-08-25,6.0,-4.999999999999993,0.0,1,3,0.0,0.0,0.0,0.0
2023-08-28,6.07,5.93,6.1,5.92,249934.0,,4.035087719298236,002115.SZ,002115,2023-08-28,5.7,4.035087719298236,0.0,1,3,0.0,0.0,0.0,0.0
2023-08-29,5.93,6.4,6.45,5.93,405769.0,,7.925801011804401,002115.SZ,002115,2023-08-29,5.93,7.925801011804401,0.0,1,3,0.0,0.0,0.0,0.0
2023-08-30,6.38,6.5,6.56,6.35,375666.0,,1.5625,002115.SZ,002115,2023-08-30,6.4,1.5625,0.0,1,3,0.0,0.0,0.0,0.0
2023-08-31,6.43,6.52,6.55,6.42,237393.0,,0.3076923076922977,002115.SZ,002115,2023-08-31,6.5,0.3076923076922977,0.0,1,3,0.0,0.0,0.0,0.0
2023-09-01,6.51,6.45,6.53,6.39,166363.0,,-1.0736196319018343,002115.SZ,002115,2023-09-01,6.52,-1.0736196319018343,0.0,1,3,0.0,0.0,0.0,0.0
2023-09-04,6.47,6.59,6.6,6.45,213212.0,,2.170542635658901,002115.SZ,002115,2023-09-04,6.45,2.170542635658901,0.0,1,3,0.0,0.0,0.0,0.0
2023-09-05,6.55,6.61,6.7,6.55,264466.0,,0.3034901365705611,002115.SZ,002115,2023-09-05,6.59,0.3034901365705611,0.0,1,3,0.0,0.0,0.0,0.0
2023-09-06,6.58,6.72,6.74,6.54,275952.0,,1.6641452344931862,002115.SZ,002115,2023-09-06,6.61,1.6641452344931862,0.0,1,3,0.0,0.0,0.0,0.0
2023-09-07,6.7,6.63,6.79,6.62,269708.0,,-1.3392857142857095,002115.SZ,002115,2023-09-07,6.72,-1.3392857142857095,0.0,1,3,0.0,0.0,0.0,0.0
2023-09-08,6.58,6.76,6.83,6.51,356200.0,,1.9607843137254832,002115.SZ,002115,2023-09-08,6.63,1.9607843137254832,0.0,1,3,0.0,0.0,0.0,0.0
2023-09-11,6.78,6.73,6.85,6.64,262832.0,,-0.4437869822485063,002115.SZ,002115,2023-09-11,6.76,-0.4437869822485063,0.0,1,3,0.0,0.0,0.0,0.0
2023-09-12,6.71,6.66,6.78,6.62,168320.0,,-1.0401188707280906,002115.SZ,002115,2023-09-12,6.73,-1.0401188707280906,0.0,1,3,0.0,0.0,0.0,0.0
2023-09-13,6.65,6.54,6.68,6.45,190108.0,,-1.8018018018018056,002115.SZ,002115,2023-09-13,6.66,-1.8018018018018056,0.0,1,3,0.0,0.0,0.0,0.0
2023-09-14,6.56,6.59,6.7,6.53,202808.0,,0.7645259938837912,002115.SZ,002115,2023-09-14,6.54,0.7645259938837912,0.0,1,3,0.0,0.0,0.0,0.0
2023-09-15,6.58,6.47,6.61,6.45,158568.0,,-1.8209408194233667,002115.SZ,002115,2023-09-15,6.59,-1.8209408194233667,0.0,1,3,0.0,0.0,0.0,0.0
2023-09-18,6.5,6.45,6.53,6.35,138453.0,,-0.3091190108191588,002115.SZ,002115,2023-09-18,6.47,-0.3091190108191588,0.0,1,3,0.0,0.0,0.0,0.0
2023-09-19,6.4,6.29,6.45,6.27,151933.0,,-2.4806201550387597,002115.SZ,002115,2023-09-19,6.45,-2.4806201550387597,0.0,1,3,0.0,0.0,0.0,0.0
2023-09-20,6.26,6.17,6.35,6.16,147325.0,,-1.9077901430842648,002115.SZ,002115,2023-09-20,6.29,-1.9077901430842648,0.0,1,3,0.0,0.0,0.0,0.0
2023-09-21,6.18,6.3,6.57,6.13,277830.0,,2.1069692058346856,002115.SZ,002115,2023-09-21,6.17,2.1069692058346856,0.0,1,3,0.0,0.0,0.0,0.0
2023-09-22,6.32,6.42,6.44,6.2,190887.0,,1.904761904761898,002115.SZ,002115,2023-09-22,6.3,1.904761904761898,0.0,1,3,0.0,0.0,0.0,0.0
2023-09-25,6.43,6.27,6.46,6.25,173605.0,,-2.336448598130847,002115.SZ,002115,2023-09-25,6.42,-2.336448598130847,0.0,1,3,0.0,0.0,0.0,0.0
2023-09-26,6.25,6.26,6.33,6.22,131788.0,,-0.15948963317383713,002115.SZ,002115,2023-09-26,6.27,-0.15948963317383713,0.0,1,3,0.0,0.0,0.0,0.0
2023-09-27,6.25,6.17,6.28,6.17,149183.0,,-1.4376996805111841,002115.SZ,002115,2023-09-27,6.26,-1.4376996805111841,0.0,1,3,0.0,0.0,0.0,0.0
2023-09-28,6.2,6.29,6.36,6.18,159254.0,,1.944894651539708,002115.SZ,002115,2023-09-28,6.17,1.944894651539708,0.0,1,3,0.0,0.0,0.0,0.0
2023-10-09,6.32,6.33,6.4,6.26,210376.0,,0.6359300476947549,002115.SZ,002115,2023-10-09,6.29,0.6359300476947549,0.0,1,3,0.0,0.0,0.0,0.0
2023-10-10,6.33,6.62,6.88,6.32,598270.0,,4.581358609794628,002115.SZ,002115,2023-10-10,6.33,4.581358609794628,0.0,1,3,0.0,0.0,0.0,0.0
2023-10-11,6.55,6.66,6.7,6.48,438064.0,,0.6042296072507503,002115.SZ,002115,2023-10-11,6.62,0.6042296072507503,0.0,1,3,0.0,0.0,0.0,0.0
2023-10-12,6.62,6.59,6.65,6.5,294603.0,,-1.0510510510510551,002115.SZ,002115,2023-10-12,6.66,-1.0510510510510551,0.0,1,3,0.0,0.0,0.0,0.0
2023-10-13,6.57,6.74,6.83,6.51,532949.0,,2.2761760242792084,002115.SZ,002115,2023-10-13,6.59,2.2761760242792084,0.0,1,3,0.0,0.0,0.0,0.0
2023-10-16,6.68,6.63,6.74,6.58,326021.0,,-1.6320474777448135,002115.SZ,002115,2023-10-16,6.74,-1.6320474777448135,0.0,1,3,0.0,0.0,0.0,0.0
2023-10-17,6.64,6.78,6.85,6.48,466941.0,,2.2624434389140413,002115.SZ,002115,2023-10-17,6.63,2.2624434389140413,0.0,1,3,0.0,0.0,0.0,0.0
2023-10-18,6.72,6.59,6.75,6.53,327614.0,,-2.8023598820059004,002115.SZ,002115,2023-10-18,6.78,-2.8023598820059004,0.0,1,3,0.0,0.0,0.0,0.0
2023-10-19,6.54,6.89,7.25,6.51,1060456.0,,4.552352048558417,002115.SZ,002115,2023-10-19,6.59,4.552352048558417,0.0,1,3,0.0,0.0,0.0,0.0
2023-10-20,6.74,6.65,6.9,6.6,679445.0,,-3.483309143686497,002115.SZ,002115,2023-10-20,6.89,-3.483309143686497,0.0,1,3,0.0,0.0,0.0,0.0
2023-10-23,6.56,7.32,7.32,6.51,1118754.0,,10.075187969924816,002115.SZ,002115,2023-10-23,6.65,10.075187969924816,0.0,1,3,0.0,0.0,0.0,0.0
2023-10-24,7.81,8.05,8.05,7.71,569245.0,,9.97267759562841,002115.SZ,002115,2023-10-24,7.32,9.97267759562841,0.0,1,3,0.0,0.0,0.0,0.0
2023-10-25,8.69,8.86,8.86,8.4,1772083.0,,10.062111801242214,002115.SZ,002115,2023-10-25,8.05,10.062111801242214,0.0,1,3,0.0,0.0,0.0,0.0
2023-10-26,9.57,8.56,9.75,8.35,3311058.0,,-3.386004514672669,002115.SZ,002115,2023-10-26,8.86,-3.386004514672669,0.0,1,3,0.0,0.0,0.0,0.0
2023-10-27,8.58,8.7,9.16,8.38,2631118.0,,1.635514018691575,002115.SZ,002115,2023-10-27,8.56,1.635514018691575,0.0,1,3,0.0,0.0,0.0,0.0
2023-10-30,8.12,8.0,8.3,7.83,1999402.0,,-8.045977011494243,002115.SZ,002115,2023-10-30,8.7,-8.045977011494243,0.0,1,3,0.0,0.0,0.0,0.0
2023-10-31,7.99,8.16,8.25,7.77,1677025.0,,2.0000000000000018,002115.SZ,002115,2023-10-31,8.0,2.0000000000000018,0.0,1,3,0.0,0.0,0.0,0.0
2023-11-01,8.03,7.82,8.05,7.78,969200.0,,-4.1666666666666625,002115.SZ,002115,2023-11-01,8.16,-4.1666666666666625,0.0,1,3,0.0,0.0,0.0,0.0
2023-11-02,7.75,7.46,7.79,7.43,1168536.0,,-4.6035805626598485,002115.SZ,002115,2023-11-02,7.82,-4.6035805626598485,0.0,1,3,0.0,0.0,0.0,0.0
2023-11-03,7.49,7.57,7.63,7.45,654985.0,,1.4745308310992078,002115.SZ,002115,2023-11-03,7.46,1.4745308310992078,0.0,1,3,0.0,0.0,0.0,0.0
2023-11-06,7.58,7.77,7.83,7.56,817419.0,,2.6420079260237594,002115.SZ,002115,2023-11-06,7.57,2.6420079260237594,0.0,1,3,0.0,0.0,0.0,0.0
2023-11-07,7.73,7.83,7.85,7.69,747023.0,,0.7722007722007707,002115.SZ,002115,2023-11-07,7.77,0.7722007722007707,0.0,1,3,0.0,0.0,0.0,0.0
2023-11-08,7.84,7.88,7.96,7.71,844250.0,,0.638569604086836,002115.SZ,002115,2023-11-08,7.83,0.638569604086836,0.0,1,3,0.0,0.0,0.0,0.0
2023-11-09,7.86,7.69,7.87,7.64,635365.0,,-2.4111675126903487,002115.SZ,002115,2023-11-09,7.88,-2.4111675126903487,0.0,1,3,0.0,0.0,0.0,0.0
2023-11-10,7.68,7.61,7.76,7.61,460346.0,,-1.040312093628093,002115.SZ,002115,2023-11-10,7.69,-1.040312093628093,0.0,1,3,0.0,0.0,0.0,0.0
2023-11-13,7.58,7.86,7.86,7.55,762948.0,,3.285151116951379,002115.SZ,002115,2023-11-13,7.61,3.285151116951379,0.0,1,3,0.0,0.0,0.0,0.0
2023-11-14,7.87,8.1,8.13,7.82,1181186.0,,3.0534351145037997,002115.SZ,002115,2023-11-14,7.86,3.0534351145037997,0.0,1,3,0.0,0.0,0.0,0.0
2023-11-15,8.1,7.98,8.1,7.86,779220.0,,-1.4814814814814725,002115.SZ,002115,2023-11-15,8.1,-1.4814814814814725,0.0,1,3,0.0,0.0,0.0,0.0
2023-11-16,7.92,8.23,8.26,7.89,1091613.0,,3.1328320802004983,002115.SZ,002115,2023-11-16,7.98,3.1328320802004983,0.0,1,3,0.0,0.0,0.0,0.0
2023-11-17,8.28,8.2,8.31,8.1,826000.0,,-0.36452004860269005,002115.SZ,002115,2023-11-17,8.23,-0.36452004860269005,0.0,1,3,0.0,0.0,0.0,0.0
2023-11-20,8.19,8.18,8.21,8.0,644758.0,,-0.24390243902439046,002115.SZ,002115,2023-11-20,8.2,-0.24390243902439046,0.0,1,3,0.0,0.0,0.0,0.0
2023-11-21,8.18,8.61,9.0,8.05,1921142.0,,5.256723716381417,002115.SZ,002115,2023-11-21,8.18,5.256723716381417,0.0,1,3,0.0,0.0,0.0,0.0
2023-11-22,8.41,8.44,8.86,8.32,1319279.0,,-1.9744483159117254,002115.SZ,002115,2023-11-22,8.61,-1.9744483159117254,0.0,1,3,0.0,0.0,0.0,0.0
2023-11-23,8.35,8.25,8.42,8.11,797812.0,,-2.251184834123221,002115.SZ,002115,2023-11-23,8.44,-2.251184834123221,0.0,1,3,0.0,0.0,0.0,0.0
2023-11-24,8.29,7.91,8.34,7.85,772797.0,,-4.121212121212114,002115.SZ,002115,2023-11-24,8.25,-4.121212121212114,0.0,1,3,0.0,0.0,0.0,0.0
2023-11-27,7.81,7.81,7.98,7.7,494016.0,,-1.2642225031605614,002115.SZ,002115,2023-11-27,7.91,-1.2642225031605614,0.0,1,3,0.0,0.0,0.0,0.0
2023-11-28,7.83,7.81,7.89,7.71,350145.0,,0.0,002115.SZ,002115,2023-11-28,7.81,0.0,0.0,1,3,0.0,0.0,0.0,0.0
2023-11-29,7.74,7.72,7.82,7.68,303059.0,,-1.1523687580025643,002115.SZ,002115,2023-11-29,7.81,-1.1523687580025643,0.0,1,3,0.0,0.0,0.0,0.0
2023-11-30,7.75,7.59,7.75,7.51,342336.0,,-1.6839378238341918,002115.SZ,002115,2023-11-30,7.72,-1.6839378238341918,0.0,1,3,0.0,0.0,0.0,0.0
2023-12-01,7.63,7.81,7.84,7.57,363522.0,,2.898550724637672,002115.SZ,002115,2023-12-01,7.59,2.898550724637672,0.0,1,3,0.0,0.0,0.0,0.0
2023-12-04,7.85,7.91,8.01,7.81,485352.0,,1.2804097311139628,002115.SZ,002115,2023-12-04,7.81,1.2804097311139628,0.0,1,3,0.0,0.0,0.0,0.0
2023-12-05,7.83,7.6,7.87,7.59,343476.0,,-3.9190897597977337,002115.SZ,002115,2023-12-05,7.91,-3.9190897597977337,0.0,1,3,0.0,0.0,0.0,0.0
2023-12-06,7.55,7.57,7.68,7.53,285559.0,,-0.39473684210525883,002115.SZ,002115,2023-12-06,7.6,-0.39473684210525883,0.0,1,3,0.0,0.0,0.0,0.0
2023-12-07,7.57,7.63,7.69,7.57,248091.0,,0.7926023778071389,002115.SZ,002115,2023-12-07,7.57,0.7926023778071389,0.0,1,3,0.0,0.0,0.0,0.0
2023-12-08,7.63,7.61,7.7,7.5,306728.0,,-0.2621231979030081,002115.SZ,002115,2023-12-08,7.63,-0.2621231979030081,0.0,1,3,0.0,0.0,0.0,0.0
2023-12-11,7.61,7.68,7.7,7.5,283745.0,,0.9198423127463773,002115.SZ,002115,2023-12-11,7.61,0.9198423127463773,0.0,1,3,0.0,0.0,0.0,0.0
2023-12-12,7.65,7.76,7.8,7.63,292142.0,,1.041666666666674,002115.SZ,002115,2023-12-12,7.68,1.041666666666674,0.0,1,3,0.0,0.0,0.0,0.0
2023-12-13,7.76,7.55,7.76,7.55,297677.0,,-2.7061855670103108,002115.SZ,002115,2023-12-13,7.76,-2.7061855670103108,0.0,1,3,0.0,0.0,0.0,0.0
2023-12-14,7.58,7.56,7.85,7.55,300115.0,,0.13245033112583293,002115.SZ,002115,2023-12-14,7.55,0.13245033112583293,0.0,1,3,0.0,0.0,0.0,0.0
2023-12-15,7.55,7.81,8.08,7.43,754450.0,,3.3068783068783025,002115.SZ,002115,2023-12-15,7.56,3.3068783068783025,0.0,1,3,0.0,0.0,0.0,0.0
2023-12-18,7.7,7.51,7.85,7.48,493809.0,,-3.8412291933418663,002115.SZ,002115,2023-12-18,7.81,-3.8412291933418663,0.0,1,3,0.0,0.0,0.0,0.0
2023-12-19,7.5,7.52,7.64,7.44,233012.0,,0.13315579227695107,002115.SZ,002115,2023-12-19,7.51,0.13315579227695107,0.0,1,3,0.0,0.0,0.0,0.0
2023-12-20,7.5,7.25,7.54,7.23,353539.0,,-3.590425531914887,002115.SZ,002115,2023-12-20,7.52,-3.590425531914887,0.0,1,3,0.0,0.0,0.0,0.0
2023-12-21,7.2,7.29,7.31,7.15,220076.0,,0.5517241379310311,002115.SZ,002115,2023-12-21,7.25,0.5517241379310311,0.0,1,3,0.0,0.0,0.0,0.0
2023-12-22,7.29,7.07,7.34,7.03,325323.0,,-3.0178326474622708,002115.SZ,002115,2023-12-22,7.29,-3.0178326474622708,0.0,1,3,0.0,0.0,0.0,0.0
2023-12-25,7.09,6.94,7.16,6.9,230564.0,,-1.8387553041018356,002115.SZ,002115,2023-12-25,7.07,-1.8387553041018356,0.0,1,3,0.0,0.0,0.0,0.0
2023-12-26,6.94,6.78,6.95,6.73,255795.0,,-2.3054755043227737,002115.SZ,002115,2023-12-26,6.94,-2.3054755043227737,0.0,1,3,0.0,0.0,0.0,0.0
2023-12-27,6.81,6.92,6.95,6.76,192533.0,,2.0648967551622377,002115.SZ,002115,2023-12-27,6.78,2.0648967551622377,0.0,1,3,0.0,0.0,0.0,0.0
2023-12-28,6.9,7.08,7.11,6.8,226094.0,,2.3121387283236983,002115.SZ,002115,2023-12-28,6.92,2.3121387283236983,0.0,1,3,0.0,0.0,0.0,0.0
2023-12-29,7.08,7.22,7.24,7.04,234137.0,,1.9774011299434902,002115.SZ,002115,2023-12-29,7.08,1.9774011299434902,0.0,1,3,0.0,0.0,0.0,0.0
2024-01-02,7.22,7.26,7.3,7.17,195905.0,,0.5540166204986097,002115.SZ,002115,2024-01-02,7.22,0.5540166204986097,0.0,1,3,0.0,0.0,0.0,0.0
2024-01-03,7.22,7.19,7.28,7.13,164503.0,,-0.9641873278236845,002115.SZ,002115,2024-01-03,7.26,-0.9641873278236845,0.0,1,3,0.0,0.0,0.0,0.0
2024-01-04,7.18,7.2,7.24,7.11,135025.0,,0.13908205841446364,002115.SZ,002115,2024-01-04,7.19,0.13908205841446364,0.0,1,3,0.0,0.0,0.0,0.0
2024-01-05,7.23,7.02,7.23,6.98,157260.0,,-2.5000000000000133,002115.SZ,002115,2024-01-05,7.2,-2.5000000000000133,0.0,1,3,0.0,0.0,0.0,0.0
2024-01-08,7.0,6.88,7.04,6.88,128114.0,,-1.9943019943019946,002115.SZ,002115,2024-01-08,7.02,-1.9943019943019946,0.0,1,3,0.0,0.0,0.0,0.0
2024-01-09,6.9,6.95,7.01,6.87,135743.0,,1.0174418604651292,002115.SZ,002115,2024-01-09,6.88,1.0174418604651292,0.0,1,3,0.0,0.0,0.0,0.0
2024-01-10,6.91,6.78,6.92,6.77,123626.0,,-2.4460431654676262,002115.SZ,002115,2024-01-10,6.95,-2.4460431654676262,0.0,1,3,0.0,0.0,0.0,0.0
2024-01-11,6.78,6.96,7.01,6.77,153977.0,,2.6548672566371723,002115.SZ,002115,2024-01-11,6.78,2.6548672566371723,0.0,1,3,0.0,0.0,0.0,0.0
2024-01-12,6.93,6.89,6.99,6.79,163187.0,,-1.0057471264367845,002115.SZ,002115,2024-01-12,6.96,-1.0057471264367845,0.0,1,3,0.0,0.0,0.0,0.0
2024-01-15,6.83,6.99,7.1,6.83,192086.0,,1.4513788098693858,002115.SZ,002115,2024-01-15,6.89,1.4513788098693858,0.0,1,3,0.0,0.0,0.0,0.0
2024-01-16,6.98,6.86,6.98,6.77,187610.0,,-1.859799713876964,002115.SZ,002115,2024-01-16,6.99,-1.859799713876964,0.0,1,3,0.0,0.0,0.0,0.0
2024-01-17,6.86,6.68,6.89,6.67,140135.0,,-2.6239067055393694,002115.SZ,002115,2024-01-17,6.86,-2.6239067055393694,0.0,1,3,0.0,0.0,0.0,0.0
2024-01-18,6.61,6.68,6.7,6.46,183611.0,,0.0,002115.SZ,002115,2024-01-18,6.68,0.0,0.0,1,3,0.0,0.0,0.0,0.0
2024-01-19,6.68,6.58,6.77,6.58,110351.0,,-1.4970059880239472,002115.SZ,002115,2024-01-19,6.68,-1.4970059880239472,0.0,1,3,0.0,0.0,0.0,0.0
2024-01-22,6.58,6.16,6.6,6.07,206131.0,,-6.382978723404253,002115.SZ,002115,2024-01-22,6.58,-6.382978723404253,0.0,1,3,0.0,0.0,0.0,0.0
2024-01-23,6.1,6.19,6.25,6.05,128790.0,,0.48701298701299134,002115.SZ,002115,2024-01-23,6.16,0.48701298701299134,0.0,1,3,0.0,0.0,0.0,0.0
2024-01-24,6.19,6.3,6.32,6.01,178129.0,,1.7770597738287375,002115.SZ,002115,2024-01-24,6.19,1.7770597738287375,0.0,1,3,0.0,0.0,0.0,0.0
2024-01-25,6.3,6.63,6.65,6.23,248954.0,,5.238095238095242,002115.SZ,002115,2024-01-25,6.3,5.238095238095242,0.0,1,3,0.0,0.0,0.0,0.0
2024-01-26,6.63,6.62,6.76,6.57,157614.0,,-0.15082956259426794,002115.SZ,002115,2024-01-26,6.63,-0.15082956259426794,0.0,1,3,0.0,0.0,0.0,0.0
2024-01-29,6.62,6.37,6.65,6.35,163677.0,,-3.776435045317217,002115.SZ,002115,2024-01-29,6.62,-3.776435045317217,0.0,1,3,0.0,0.0,0.0,0.0
2024-01-30,6.32,6.14,6.42,6.12,122328.0,,-3.6106750392464693,002115.SZ,002115,2024-01-30,6.37,-3.6106750392464693,0.0,1,3,0.0,0.0,0.0,0.0
2024-01-31,5.86,5.53,5.96,5.53,407197.0,,-9.934853420195433,002115.SZ,002115,2024-01-31,6.14,-9.934853420195433,0.0,1,3,0.0,0.0,0.0,0.0
2024-02-01,5.44,5.46,5.63,5.29,260806.0,,-1.2658227848101333,002115.SZ,002115,2024-02-01,5.53,-1.2658227848101333,0.0,1,3,0.0,0.0,0.0,0.0
2024-02-02,5.49,5.13,5.63,4.91,320938.0,,-6.043956043956045,002115.SZ,002115,2024-02-02,5.46,-6.043956043956045,0.0,1,3,0.0,0.0,0.0,0.0
2024-02-05,5.09,4.62,5.09,4.62,287598.0,,-9.941520467836252,002115.SZ,002115,2024-02-05,5.13,-9.941520467836252,0.0,1,3,0.0,0.0,0.0,0.0
2024-02-06,4.38,4.49,4.69,4.16,552255.0,,-2.813852813852813,002115.SZ,002115,2024-02-06,4.62,-2.813852813852813,0.0,1,3,0.0,0.0,0.0,0.0
2024-02-07,4.49,4.43,4.6,4.31,401567.0,,-1.3363028953229494,002115.SZ,002115,2024-02-07,4.49,-1.3363028953229494,0.0,1,3,0.0,0.0,0.0,0.0
2024-02-08,4.49,4.86,4.87,4.4,382080.0,,9.706546275395045,002115.SZ,002115,2024-02-08,4.43,9.706546275395045,0.0,1,3,0.0,0.0,0.0,0.0
2024-02-19,4.95,5.13,5.18,4.95,343667.0,,5.555555555555536,002115.SZ,002115,2024-02-19,4.86,5.555555555555536,0.0,1,3,0.0,0.0,0.0,0.0
2024-02-20,5.16,5.29,5.31,5.03,304252.0,,3.1189083820662766,002115.SZ,002115,2024-02-20,5.13,3.1189083820662766,0.0,1,3,0.0,0.0,0.0,0.0
2024-02-21,5.22,5.34,5.54,5.16,337086.0,,0.9451795841209698,002115.SZ,002115,2024-02-21,5.29,0.9451795841209698,0.0,1,3,0.0,0.0,0.0,0.0
2024-02-22,5.3,5.57,5.57,5.28,333112.0,,4.307116104868913,002115.SZ,002115,2024-02-22,5.34,4.307116104868913,0.0,1,3,0.0,0.0,0.0,0.0
2024-02-23,5.62,5.85,5.87,5.6,411270.0,,5.026929982046657,002115.SZ,002115,2024-02-23,5.57,5.026929982046657,0.0,1,3,0.0,0.0,0.0,0.0
2024-02-26,5.86,6.11,6.44,5.72,777914.0,,4.444444444444451,002115.SZ,002115,2024-02-26,5.85,4.444444444444451,0.0,1,3,0.0,0.0,0.0,0.0
2024-02-27,5.95,6.32,6.32,5.94,668628.0,,3.436988543371511,002115.SZ,002115,2024-02-27,6.11,3.436988543371511,0.0,1,3,0.0,0.0,0.0,0.0
2024-02-28,6.36,5.74,6.41,5.74,767551.0,,-9.177215189873422,002115.SZ,002115,2024-02-28,6.32,-9.177215189873422,0.0,1,3,0.0,0.0,0.0,0.0
2024-02-29,5.65,6.31,6.31,5.64,932377.0,,9.93031358885017,002115.SZ,002115,2024-02-29,5.74,9.93031358885017,0.0,1,3,0.0,0.0,0.0,0.0
2024-03-01,6.33,6.44,6.55,6.24,970547.0,,2.0602218700475516,002115.SZ,002115,2024-03-01,6.31,2.0602218700475516,0.0,1,3,0.0,0.0,0.0,0.0
2024-03-04,6.34,6.43,6.44,6.19,593431.0,,-0.15527950310559868,002115.SZ,002115,2024-03-04,6.44,-0.15527950310559868,0.0,1,3,0.0,0.0,0.0,0.0
2024-03-05,6.37,6.23,6.38,6.18,468601.0,,-3.1104199066873894,002115.SZ,002115,2024-03-05,6.43,-3.1104199066873894,0.0,1,3,0.0,0.0,0.0,0.0
2024-03-06,6.18,6.28,6.36,6.18,338146.0,,0.8025682182985605,002115.SZ,002115,2024-03-06,6.23,0.8025682182985605,0.0,1,3,0.0,0.0,0.0,0.0
2024-03-07,6.27,6.09,6.31,6.03,387172.0,,-3.0254777070063743,002115.SZ,002115,2024-03-07,6.28,-3.0254777070063743,0.0,1,3,0.0,0.0,0.0,0.0
2024-03-08,6.08,6.28,6.33,6.06,384892.0,,3.1198686371100237,002115.SZ,002115,2024-03-08,6.09,3.1198686371100237,0.0,1,3,0.0,0.0,0.0,0.0
2024-03-11,6.22,6.3,6.3,6.15,293944.0,,0.31847133757960666,002115.SZ,002115,2024-03-11,6.28,0.31847133757960666,0.0,1,3,0.0,0.0,0.0,0.0
2024-03-12,6.35,6.34,6.42,6.28,300679.0,,0.6349206349206327,002115.SZ,002115,2024-03-12,6.3,0.6349206349206327,0.0,1,3,0.0,0.0,0.0,0.0
2024-03-13,6.36,6.53,6.67,6.29,639983.0,,2.9968454258675115,002115.SZ,002115,2024-03-13,6.34,2.9968454258675115,0.0,1,3,0.0,0.0,0.0,0.0
2024-03-14,6.45,6.35,6.48,6.23,420350.0,,-2.7565084226646386,002115.SZ,002115,2024-03-14,6.53,-2.7565084226646386,0.0,1,3,0.0,0.0,0.0,0.0
2024-03-15,6.38,6.64,6.79,6.24,839775.0,,4.566929133858277,002115.SZ,002115,2024-03-15,6.35,4.566929133858277,0.0,1,3,0.0,0.0,0.0,0.0
2024-03-18,6.61,6.67,6.69,6.54,571177.0,,0.45180722891566827,002115.SZ,002115,2024-03-18,6.64,0.45180722891566827,0.0,1,3,0.0,0.0,0.0,0.0
2024-03-19,6.64,6.62,6.74,6.59,444151.0,,-0.7496251874062887,002115.SZ,002115,2024-03-19,6.67,-0.7496251874062887,0.0,1,3,0.0,0.0,0.0,0.0
2024-03-20,6.61,6.7,6.79,6.58,390643.0,,1.2084592145015227,002115.SZ,002115,2024-03-20,6.62,1.2084592145015227,0.0,1,3,0.0,0.0,0.0,0.0
2024-03-21,6.76,6.85,6.92,6.76,575734.0,,2.238805970149249,002115.SZ,002115,2024-03-21,6.7,2.238805970149249,0.0,1,3,0.0,0.0,0.0,0.0
2024-03-22,6.84,6.75,6.87,6.61,496612.0,,-1.4598540145985384,002115.SZ,002115,2024-03-22,6.85,-1.4598540145985384,0.0,1,3,0.0,0.0,0.0,0.0
2024-03-25,6.71,6.55,6.83,6.47,423785.0,,-2.9629629629629672,002115.SZ,002115,2024-03-25,6.75,-2.9629629629629672,0.0,1,3,0.0,0.0,0.0,0.0
2024-03-26,6.5,6.39,6.6,6.27,308022.0,,-2.442748091603053,002115.SZ,002115,2024-03-26,6.55,-2.442748091603053,0.0,1,3,0.0,0.0,0.0,0.0
2024-03-27,6.35,6.02,6.39,6.01,298602.0,,-5.7902973395931205,002115.SZ,002115,2024-03-27,6.39,-5.7902973395931205,0.0,1,3,0.0,0.0,0.0,0.0
2024-03-28,6.0,6.36,6.42,5.99,336834.0,,5.6478405315614655,002115.SZ,002115,2024-03-28,6.02,5.6478405315614655,0.0,1,3,0.0,0.0,0.0,0.0
2024-03-29,6.35,6.77,6.85,6.25,607079.0,,6.446540880503138,002115.SZ,002115,2024-03-29,6.36,6.446540880503138,0.0,1,3,0.0,0.0,0.0,0.0
2024-04-01,6.85,6.81,6.9,6.67,518279.0,,0.5908419497784312,002115.SZ,002115,2024-04-01,6.77,0.5908419497784312,0.0,1,3,0.0,0.0,0.0,0.0
2024-04-02,6.73,6.62,6.77,6.57,357203.0,,-2.7900146842878004,002115.SZ,002115,2024-04-02,6.81,-2.7900146842878004,0.0,1,3,0.0,0.0,0.0,0.0
2024-04-03,6.56,6.38,6.62,6.32,284900.0,,-3.625377643504535,002115.SZ,002115,2024-04-03,6.62,-3.625377643504535,0.0,1,3,0.0,0.0,0.0,0.0
2024-04-08,6.32,6.15,6.35,6.13,240170.0,,-3.6050156739811823,002115.SZ,002115,2024-04-08,6.38,-3.6050156739811823,0.0,1,3,0.0,0.0,0.0,0.0
2024-04-09,6.21,6.22,6.37,6.16,218185.0,,1.1382113821138073,002115.SZ,002115,2024-04-09,6.15,1.1382113821138073,0.0,1,3,0.0,0.0,0.0,0.0
2024-04-10,6.22,6.0,6.22,5.88,282607.0,,-3.5369774919614128,002115.SZ,002115,2024-04-10,6.22,-3.5369774919614128,0.0,1,3,0.0,0.0,0.0,0.0
2024-04-11,5.93,5.96,6.08,5.93,176349.0,,-0.666666666666671,002115.SZ,002115,2024-04-11,6.0,-0.666666666666671,0.0,1,3,0.0,0.0,0.0,0.0
2024-04-12,5.96,5.91,6.04,5.9,158403.0,,-0.8389261744966459,002115.SZ,002115,2024-04-12,5.96,-0.8389261744966459,0.0,1,3,0.0,0.0,0.0,0.0
2024-04-15,5.85,5.61,5.92,5.46,298947.0,,-5.076142131979688,002115.SZ,002115,2024-04-15,5.91,-5.076142131979688,0.0,1,3,0.0,0.0,0.0,0.0
2024-04-16,5.57,5.05,5.59,5.05,363742.0,,-9.982174688057043,002115.SZ,002115,2024-04-16,5.61,-9.982174688057043,0.0,1,3,0.0,0.0,0.0,0.0
2024-04-17,5.1,5.45,5.48,5.1,282882.0,,7.920792079207928,002115.SZ,002115,2024-04-17,5.05,7.920792079207928,0.0,1,3,0.0,0.0,0.0,0.0
2024-04-18,5.47,5.45,5.6,5.32,244528.0,,0.0,002115.SZ,002115,2024-04-18,5.45,0.0,0.0,1,3,0.0,0.0,0.0,0.0
2024-04-19,5.42,5.25,5.44,5.22,224907.0,,-3.669724770642202,002115.SZ,002115,2024-04-19,5.45,-3.669724770642202,0.0,1,3,0.0,0.0,0.0,0.0
2024-04-22,5.2,5.19,5.3,4.99,189298.0,,-1.1428571428571344,002115.SZ,002115,2024-04-22,5.25,-1.1428571428571344,0.0,1,3,0.0,0.0,0.0,0.0
2024-04-23,5.27,5.38,5.53,5.21,284315.0,,3.6608863198458463,002115.SZ,002115,2024-04-23,5.19,3.6608863198458463,0.0,1,3,0.0,0.0,0.0,0.0
2024-04-24,5.42,5.61,5.63,5.39,250998.0,,4.275092936802971,002115.SZ,002115,2024-04-24,5.38,4.275092936802971,0.0,1,3,0.0,0.0,0.0,0.0
2024-04-25,5.55,5.54,5.61,5.5,182805.0,,-1.2477718360071388,002115.SZ,002115,2024-04-25,5.61,-1.2477718360071388,0.0,1,3,0.0,0.0,0.0,0.0
2024-04-26,5.5,5.78,5.83,5.47,235660.0,,4.332129963898912,002115.SZ,002115,2024-04-26,5.54,4.332129963898912,0.0,1,3,0.0,0.0,0.0,0.0
2024-04-29,5.74,5.91,5.95,5.71,231223.0,,2.249134948096887,002115.SZ,002115,2024-04-29,5.78,2.249134948096887,0.0,1,3,0.0,0.0,0.0,0.0
2024-04-30,5.88,5.81,5.96,5.72,208658.0,,-1.6920473773265776,002115.SZ,002115,2024-04-30,5.91,-1.6920473773265776,0.0,1,3,0.0,0.0,0.0,0.0
2024-05-06,5.89,5.84,5.95,5.79,164202.0,,0.5163511187607606,002115.SZ,002115,2024-05-06,5.81,0.5163511187607606,0.0,1,3,0.0,0.0,0.0,0.0
2024-05-07,5.83,5.94,5.98,5.79,267018.0,,1.7123287671233056,002115.SZ,002115,2024-05-07,5.84,1.7123287671233056,0.0,1,3,0.0,0.0,0.0,0.0
2024-05-08,5.98,5.73,5.99,5.72,253428.0,,-3.535353535353536,002115.SZ,002115,2024-05-08,5.94,-3.535353535353536,0.0,1,3,0.0,0.0,0.0,0.0
2024-05-09,5.73,5.82,5.83,5.71,162963.0,,1.5706806282722585,002115.SZ,002115,2024-05-09,5.73,1.5706806282722585,0.0,1,3,0.0,0.0,0.0,0.0
2024-05-10,5.85,5.67,5.87,5.66,165402.0,,-2.577319587628868,002115.SZ,002115,2024-05-10,5.82,-2.577319587628868,0.0,1,3,0.0,0.0,0.0,0.0
2024-05-13,5.62,5.42,5.64,5.37,201391.0,,-4.409171075837747,002115.SZ,002115,2024-05-13,5.67,-4.409171075837747,0.0,1,3,0.0,0.0,0.0,0.0
2024-05-14,5.44,5.53,5.55,5.42,148816.0,,2.029520295202958,002115.SZ,002115,2024-05-14,5.42,2.029520295202958,0.0,1,3,0.0,0.0,0.0,0.0
2024-05-15,5.54,5.44,5.55,5.44,114658.0,,-1.6274864376130127,002115.SZ,002115,2024-05-15,5.53,-1.6274864376130127,0.0,1,3,0.0,0.0,0.0,0.0
2024-05-16,5.46,5.5,5.57,5.46,134516.0,,1.1029411764705843,002115.SZ,002115,2024-05-16,5.44,1.1029411764705843,0.0,1,3,0.0,0.0,0.0,0.0
2024-05-17,5.54,5.58,5.59,5.47,128332.0,,1.454545454545464,002115.SZ,002115,2024-05-17,5.5,1.454545454545464,0.0,1,3,0.0,0.0,0.0,0.0
2024-05-20,5.55,5.52,5.63,5.49,154807.0,,-1.0752688172043112,002115.SZ,002115,2024-05-20,5.58,-1.0752688172043112,0.0,1,3,0.0,0.0,0.0,0.0
2024-05-21,5.53,5.44,5.54,5.4,152840.0,,-1.4492753623188248,002115.SZ,002115,2024-05-21,5.52,-1.4492753623188248,0.0,1,3,0.0,0.0,0.0,0.0
2024-05-22,5.43,5.48,5.49,5.38,108915.0,,0.7352941176470562,002115.SZ,002115,2024-05-22,5.44,0.7352941176470562,0.0,1,3,0.0,0.0,0.0,0.0
2024-05-23,5.46,5.3,5.46,5.28,128676.0,,-3.284671532846728,002115.SZ,002115,2024-05-23,5.48,-3.284671532846728,0.0,1,3,0.0,0.0,0.0,0.0
2024-05-24,5.3,5.21,5.35,5.21,100083.0,,-1.6981132075471694,002115.SZ,002115,2024-05-24,5.3,-1.6981132075471694,0.0,1,3,0.0,0.0,0.0,0.0
2024-05-27,5.22,5.25,5.28,5.11,110781.0,,0.7677543186180413,002115.SZ,002115,2024-05-27,5.21,0.7677543186180413,0.0,1,3,0.0,0.0,0.0,0.0
2024-05-28,5.24,5.17,5.29,5.15,93954.0,,-1.5238095238095273,002115.SZ,002115,2024-05-28,5.25,-1.5238095238095273,0.0,1,3,0.0,0.0,0.0,0.0
2024-05-29,5.18,5.18,5.28,5.14,97947.0,,0.19342359767891004,002115.SZ,002115,2024-05-29,5.17,0.19342359767891004,0.0,1,3,0.0,0.0,0.0,0.0
2024-05-30,5.13,5.23,5.34,5.06,176772.0,,0.9652509652509744,002115.SZ,002115,2024-05-30,5.18,0.9652509652509744,0.0,1,3,0.0,0.0,0.0,0.0
2024-05-31,5.24,5.39,5.44,5.24,234099.0,,3.0592734225621365,002115.SZ,002115,2024-05-31,5.23,3.0592734225621365,0.0,1,3,0.0,0.0,0.0,0.0
2024-06-03,5.33,5.26,5.41,5.22,204194.0,,-2.4118738404452666,002115.SZ,002115,2024-06-03,5.39,-2.4118738404452666,0.0,1,3,0.0,0.0,0.0,0.0
2024-06-04,5.23,5.11,5.25,5.04,186494.0,,-2.851711026615955,002115.SZ,002115,2024-06-04,5.26,-2.851711026615955,0.0,1,3,0.0,0.0,0.0,0.0
2024-06-05,5.09,5.0,5.11,5.0,125990.0,,-2.1526418786692814,002115.SZ,002115,2024-06-05,5.11,-2.1526418786692814,0.0,1,3,0.0,0.0,0.0,0.0
2024-06-06,5.02,4.79,5.06,4.7,261318.0,,-4.200000000000004,002115.SZ,002115,2024-06-06,5.0,-4.200000000000004,0.0,1,3,0.0,0.0,0.0,0.0
2024-06-07,4.87,4.94,5.0,4.83,182555.0,,3.131524008350728,002115.SZ,002115,2024-06-07,4.79,3.131524008350728,0.0,1,3,0.0,0.0,0.0,0.0
2024-06-11,4.94,5.01,5.04,4.83,127323.0,,1.4170040485829816,002115.SZ,002115,2024-06-11,4.94,1.4170040485829816,0.0,1,3,0.0,0.0,0.0,0.0
2024-06-12,5.0,5.11,5.15,4.98,131063.0,,1.9960079840319445,002115.SZ,002115,2024-06-12,5.01,1.9960079840319445,0.0,1,3,0.0,0.0,0.0,0.0
2024-06-13,5.14,5.08,5.17,5.05,101880.0,,-0.5870841487279899,002115.SZ,002115,2024-06-13,5.11,-0.5870841487279899,0.0,1,3,0.0,0.0,0.0,0.0
2024-06-14,5.1,5.12,5.13,5.01,92189.0,,0.7874015748031482,002115.SZ,002115,2024-06-14,5.08,0.7874015748031482,0.0,1,3,0.0,0.0,0.0,0.0
2024-06-17,5.09,5.09,5.16,5.07,93783.0,,-0.5859375,002115.SZ,002115,2024-06-17,5.12,-0.5859375,0.0,1,3,0.0,0.0,0.0,0.0
2024-06-18,5.11,5.2,5.24,5.07,128037.0,,2.16110019646365,002115.SZ,002115,2024-06-18,5.09,2.16110019646365,0.0,1,3,0.0,0.0,0.0,0.0
2024-06-19,5.23,5.17,5.24,5.16,93220.0,,-0.576923076923086,002115.SZ,002115,2024-06-19,5.2,-0.576923076923086,0.0,1,3,0.0,0.0,0.0,0.0
2024-06-20,5.19,4.96,5.19,4.95,176144.0,,-4.061895551257255,002115.SZ,002115,2024-06-20,5.17,-4.061895551257255,0.0,1,3,0.0,0.0,0.0,0.0
2024-06-21,4.94,4.91,4.98,4.82,111769.0,,-1.0080645161290258,002115.SZ,002115,2024-06-21,4.96,-1.0080645161290258,0.0,1,3,0.0,0.0,0.0,0.0
2024-06-24,4.86,4.64,4.86,4.63,157863.0,,-5.498981670061109,002115.SZ,002115,2024-06-24,4.91,-5.498981670061109,0.0,1,3,0.0,0.0,0.0,0.0
2024-06-25,4.65,4.61,4.73,4.55,108274.0,,-0.6465517241379226,002115.SZ,002115,2024-06-25,4.64,-0.6465517241379226,0.0,1,3,0.0,0.0,0.0,0.0
2024-06-26,4.6,4.9,4.91,4.57,187937.0,,6.290672451193058,002115.SZ,002115,2024-06-26,4.61,6.290672451193058,0.0,1,3,0.0,0.0,0.0,0.0
2024-06-27,4.9,4.85,4.99,4.83,144126.0,,-1.0204081632653184,002115.SZ,002115,2024-06-27,4.9,-1.0204081632653184,0.0,1,3,0.0,0.0,0.0,0.0
2024-06-28,4.85,4.86,4.95,4.81,114256.0,,0.20618556701033075,002115.SZ,002115,2024-06-28,4.85,0.20618556701033075,0.0,1,3,0.0,0.0,0.0,0.0
2024-07-01,4.86,4.88,4.9,4.72,130984.0,,0.411522633744843,002115.SZ,002115,2024-07-01,4.86,0.411522633744843,0.0,1,3,0.0,0.0,0.0,0.0
2024-07-02,4.89,4.91,5.0,4.86,101255.0,,0.6147540983606703,002115.SZ,002115,2024-07-02,4.88,0.6147540983606703,0.0,1,3,0.0,0.0,0.0,0.0
2024-07-03,4.93,4.84,4.93,4.83,76980.0,,-1.4256619144602856,002115.SZ,002115,2024-07-03,4.91,-1.4256619144602856,0.0,1,3,0.0,0.0,0.0,0.0
2024-07-04,4.86,4.66,4.87,4.65,101942.0,,-3.7190082644628086,002115.SZ,002115,2024-07-04,4.84,-3.7190082644628086,0.0,1,3,0.0,0.0,0.0,0.0
2024-07-05,4.65,4.76,4.78,4.59,101905.0,,2.145922746781115,002115.SZ,002115,2024-07-05,4.66,2.145922746781115,0.0,1,3,0.0,0.0,0.0,0.0
2024-07-08,4.76,4.56,4.77,4.53,108674.0,,-4.201680672268915,002115.SZ,002115,2024-07-08,4.76,-4.201680672268915,0.0,1,3,0.0,0.0,0.0,0.0
2024-07-09,4.55,4.7,4.72,4.5,142330.0,,3.070175438596512,002115.SZ,002115,2024-07-09,4.56,3.070175438596512,0.0,1,3,0.0,0.0,0.0,0.0
2024-07-10,4.51,4.23,4.58,4.23,401035.0,,-9.999999999999998,002115.SZ,002115,2024-07-10,4.7,-9.999999999999998,0.0,1,3,0.0,0.0,0.0,0.0
2024-07-11,4.3,4.43,4.49,4.3,389311.0,,4.72813238770684,002115.SZ,002115,2024-07-11,4.23,4.72813238770684,0.0,1,3,0.0,0.0,0.0,0.0
2024-07-12,4.42,4.31,4.44,4.28,192407.0,,-2.708803611738153,002115.SZ,002115,2024-07-12,4.43,-2.708803611738153,0.0,1,3,0.0,0.0,0.0,0.0
2024-07-15,4.32,4.22,4.32,4.19,149963.0,,-2.088167053364265,002115.SZ,002115,2024-07-15,4.31,-2.088167053364265,0.0,1,3,0.0,0.0,0.0,0.0
2024-07-16,4.19,4.21,4.23,4.13,131568.0,,-0.23696682464454666,002115.SZ,002115,2024-07-16,4.22,-0.23696682464454666,0.0,1,3,0.0,0.0,0.0,0.0
2024-07-17,4.21,4.07,4.24,4.06,161977.0,,-3.325415676959609,002115.SZ,002115,2024-07-17,4.21,-3.325415676959609,0.0,1,3,0.0,0.0,0.0,0.0
2024-07-18,4.06,4.02,4.06,3.9,199026.0,,-1.2285012285012442,002115.SZ,002115,2024-07-18,4.07,-1.2285012285012442,0.0,1,3,0.0,0.0,0.0,0.0
2024-07-19,3.98,4.05,4.08,3.97,128971.0,,0.7462686567164312,002115.SZ,002115,2024-07-19,4.02,0.7462686567164312,0.0,1,3,0.0,0.0,0.0,0.0
2024-07-22,4.04,4.16,4.17,4.0,158885.0,,2.716049382716057,002115.SZ,002115,2024-07-22,4.05,2.716049382716057,0.0,1,3,0.0,0.0,0.0,0.0
2024-07-23,4.16,4.04,4.19,4.02,115016.0,,-2.8846153846153855,002115.SZ,002115,2024-07-23,4.16,-2.8846153846153855,0.0,1,3,0.0,0.0,0.0,0.0
2024-07-24,4.03,3.96,4.07,3.95,109475.0,,-1.980198019801982,002115.SZ,002115,2024-07-24,4.04,-1.980198019801982,0.0,1,3,0.0,0.0,0.0,0.0
2024-07-25,3.94,3.99,4.04,3.89,110551.0,,0.7575757575757569,002115.SZ,002115,2024-07-25,3.96,0.7575757575757569,0.0,1,3,0.0,0.0,0.0,0.0
2024-07-26,3.99,4.14,4.15,3.97,159217.0,,3.7593984962405846,002115.SZ,002115,2024-07-26,3.99,3.7593984962405846,0.0,1,3,0.0,0.0,0.0,0.0
2024-07-29,4.16,4.22,4.27,4.09,176138.0,,1.9323671497584627,002115.SZ,002115,2024-07-29,4.14,1.9323671497584627,0.0,1,3,0.0,0.0,0.0,0.0
2024-07-30,4.21,4.31,4.38,4.18,240698.0,,2.1327014218009532,002115.SZ,002115,2024-07-30,4.22,2.1327014218009532,0.0,1,3,0.0,0.0,0.0,0.0
2024-07-31,4.32,4.49,4.51,4.3,279368.0,,4.176334106728552,002115.SZ,002115,2024-07-31,4.31,4.176334106728552,0.0,1,3,0.0,0.0,0.0,0.0
2024-08-01,4.44,4.79,4.94,4.43,785388.0,,6.681514476614692,002115.SZ,002115,2024-08-01,4.49,6.681514476614692,0.0,1,3,0.0,0.0,0.0,0.0
2024-08-02,4.69,4.61,4.93,4.59,620682.0,,-3.757828810020869,002115.SZ,002115,2024-08-02,4.79,-3.757828810020869,0.0,1,3,0.0,0.0,0.0,0.0
2024-08-05,4.63,4.38,4.66,4.37,369736.0,,-4.989154013015195,002115.SZ,002115,2024-08-05,4.61,-4.989154013015195,0.0,1,3,0.0,0.0,0.0,0.0
2024-08-06,4.48,4.49,4.51,4.39,205753.0,,2.511415525114158,002115.SZ,002115,2024-08-06,4.38,2.511415525114158,0.0,1,3,0.0,0.0,0.0,0.0
2024-08-07,4.53,4.62,4.68,4.5,435413.0,,2.8953229398663627,002115.SZ,002115,2024-08-07,4.49,2.8953229398663627,0.0,1,3,0.0,0.0,0.0,0.0
2024-08-08,4.6,4.47,4.6,4.45,274785.0,,-3.2467532467532534,002115.SZ,002115,2024-08-08,4.62,-3.2467532467532534,0.0,1,3,0.0,0.0,0.0,0.0
2024-08-09,4.5,4.38,4.53,4.37,185572.0,,-2.0134228187919434,002115.SZ,002115,2024-08-09,4.47,-2.0134228187919434,0.0,1,3,0.0,0.0,0.0,0.0
2024-08-12,4.34,4.25,4.37,4.21,176238.0,,-2.9680365296803624,002115.SZ,002115,2024-08-12,4.38,-2.9680365296803624,0.0,1,3,0.0,0.0,0.0,0.0
2024-08-13,4.27,4.28,4.29,4.2,115149.0,,0.7058823529411784,002115.SZ,002115,2024-08-13,4.25,0.7058823529411784,0.0,1,3,0.0,0.0,0.0,0.0
2024-08-14,4.29,4.34,4.37,4.26,131345.0,,1.4018691588784993,002115.SZ,002115,2024-08-14,4.28,1.4018691588784993,0.0,1,3,0.0,0.0,0.0,0.0
2024-08-15,4.31,4.41,4.46,4.26,158869.0,,1.6129032258064502,002115.SZ,002115,2024-08-15,4.34,1.6129032258064502,0.0,1,3,0.0,0.0,0.0,0.0
2024-08-16,4.4,4.39,4.49,4.38,129905.0,,-0.45351473922903285,002115.SZ,002115,2024-08-16,4.41,-0.45351473922903285,0.0,1,3,0.0,0.0,0.0,0.0
2024-08-19,4.36,4.34,4.43,4.32,115880.0,,-1.1389521640091105,002115.SZ,002115,2024-08-19,4.39,-1.1389521640091105,0.0,1,3,0.0,0.0,0.0,0.0
2024-08-20,4.35,4.28,4.38,4.26,110870.0,,-1.3824884792626668,002115.SZ,002115,2024-08-20,4.34,-1.3824884792626668,0.0,1,3,0.0,0.0,0.0,0.0
2024-08-21,4.27,4.21,4.32,4.2,89414.0,,-1.6355140186915973,002115.SZ,002115,2024-08-21,4.28,-1.6355140186915973,0.0,1,3,0.0,0.0,0.0,0.0
2024-08-22,4.22,4.13,4.27,4.08,102030.0,,-1.9002375296912177,002115.SZ,002115,2024-08-22,4.21,-1.9002375296912177,0.0,1,3,0.0,0.0,0.0,0.0
2024-08-23,4.13,4.15,4.2,4.06,87850.0,,0.4842615012106588,002115.SZ,002115,2024-08-23,4.13,0.4842615012106588,0.0,1,3,0.0,0.0,0.0,0.0
2024-08-26,4.15,4.17,4.21,4.11,89413.0,,0.48192771084336616,002115.SZ,002115,2024-08-26,4.15,0.48192771084336616,0.0,1,3,0.0,0.0,0.0,0.0
2024-08-27,4.15,4.04,4.19,4.03,98927.0,,-3.1175059952038398,002115.SZ,002115,2024-08-27,4.17,-3.1175059952038398,0.0,1,3,0.0,0.0,0.0,0.0
2024-08-28,4.05,4.06,4.11,3.99,98135.0,,0.4950495049504955,002115.SZ,002115,2024-08-28,4.04,0.4950495049504955,0.0,1,3,0.0,0.0,0.0,0.0
2024-08-29,4.06,4.13,4.16,4.0,111660.0,,1.7241379310344973,002115.SZ,002115,2024-08-29,4.06,1.7241379310344973,0.0,1,3,0.0,0.0,0.0,0.0
2024-08-30,4.13,4.31,4.42,4.13,211499.0,,4.358353510895885,002115.SZ,002115,2024-08-30,4.13,4.358353510895885,0.0,1,3,0.0,0.0,0.0,0.0
2024-09-02,4.3,4.17,4.32,4.17,144523.0,,-3.24825986078886,002115.SZ,002115,2024-09-02,4.31,-3.24825986078886,0.0,1,3,0.0,0.0,0.0,0.0
2024-09-03,4.19,4.32,4.37,4.16,220176.0,,3.597122302158273,002115.SZ,002115,2024-09-03,4.17,3.597122302158273,0.0,1,3,0.0,0.0,0.0,0.0
2024-09-04,4.4,4.33,4.53,4.3,393077.0,,0.23148148148146586,002115.SZ,002115,2024-09-04,4.32,0.23148148148146586,0.0,1,3,0.0,0.0,0.0,0.0
2024-09-05,4.3,4.39,4.45,4.3,271654.0,,1.3856812933025209,002115.SZ,002115,2024-09-05,4.33,1.3856812933025209,0.0,1,3,0.0,0.0,0.0,0.0
2024-09-06,4.38,4.3,4.4,4.29,184746.0,,-2.050113895216399,002115.SZ,002115,2024-09-06,4.39,-2.050113895216399,0.0,1,3,0.0,0.0,0.0,0.0
2024-09-09,4.25,4.33,4.33,4.22,126090.0,,0.6976744186046657,002115.SZ,002115,2024-09-09,4.3,0.6976744186046657,0.0,1,3,0.0,0.0,0.0,0.0
2024-09-10,4.33,4.42,4.43,4.25,168442.0,,2.0785219399538146,002115.SZ,002115,2024-09-10,4.33,2.0785219399538146,0.0,1,3,0.0,0.0,0.0,0.0
2024-09-11,4.4,4.41,4.53,4.33,253448.0,,-0.2262443438914019,002115.SZ,002115,2024-09-11,4.42,-0.2262443438914019,0.0,1,3,0.0,0.0,0.0,0.0
2024-09-12,4.43,4.42,4.46,4.39,164645.0,,0.22675736961450532,002115.SZ,002115,2024-09-12,4.41,0.22675736961450532,0.0,1,3,0.0,0.0,0.0,0.0
2024-09-13,4.42,4.3,4.42,4.29,124480.0,,-2.714932126696834,002115.SZ,002115,2024-09-13,4.42,-2.714932126696834,0.0,1,3,0.0,0.0,0.0,0.0
2024-09-18,4.29,4.22,4.36,4.17,104481.0,,-1.8604651162790753,002115.SZ,002115,2024-09-18,4.3,-1.8604651162790753,0.0,1,3,0.0,0.0,0.0,0.0
2024-09-19,4.26,4.44,4.59,4.22,250183.0,,5.213270142180115,002115.SZ,002115,2024-09-19,4.22,5.213270142180115,0.0,1,3,0.0,0.0,0.0,0.0
2024-09-20,4.45,4.5,4.54,4.43,261748.0,,1.3513513513513375,002115.SZ,002115,2024-09-20,4.44,1.3513513513513375,0.0,1,3,0.0,0.0,0.0,0.0
2024-09-23,4.52,4.58,4.61,4.48,225191.0,,1.7777777777777892,002115.SZ,002115,2024-09-23,4.5,1.7777777777777892,0.0,1,3,0.0,0.0,0.0,0.0
2024-09-24,4.58,4.68,4.73,4.52,333364.0,,2.183406113537112,002115.SZ,002115,2024-09-24,4.58,2.183406113537112,0.0,1,3,0.0,0.0,0.0,0.0
2024-09-25,4.68,4.66,4.83,4.65,347347.0,,-0.42735042735041473,002115.SZ,002115,2024-09-25,4.68,-0.42735042735041473,0.0,1,3,0.0,0.0,0.0,0.0
2024-09-26,4.66,4.74,4.74,4.61,273463.0,,1.7167381974249052,002115.SZ,002115,2024-09-26,4.66,1.7167381974249052,0.0,1,3,0.0,0.0,0.0,0.0
2024-09-27,4.82,4.97,5.04,4.75,363299.0,,4.8523206751054815,002115.SZ,002115,2024-09-27,4.74,4.8523206751054815,0.0,1,3,0.0,0.0,0.0,0.0
2024-09-30,5.2,5.43,5.46,5.04,578513.0,,9.255533199195165,002115.SZ,002115,2024-09-30,4.97,9.255533199195165,0.0,1,3,0.0,0.0,0.0,0.0
2024-10-08,5.97,5.82,5.97,5.45,745791.0,,7.182320441988965,002115.SZ,002115,2024-10-08,5.43,7.182320441988965,0.0,1,3,0.0,0.0,0.0,0.0
2024-10-09,5.65,5.24,5.65,5.24,557076.0,,-9.965635738831613,002115.SZ,002115,2024-10-09,5.82,-9.965635738831613,0.0,1,3,0.0,0.0,0.0,0.0
2024-10-10,5.25,5.2,5.4,5.1,323846.0,,-0.7633587786259555,002115.SZ,002115,2024-10-10,5.24,-0.7633587786259555,0.0,1,3,0.0,0.0,0.0,0.0
2024-10-11,5.2,4.98,5.23,4.89,304121.0,,-4.230769230769226,002115.SZ,002115,2024-10-11,5.2,-4.230769230769226,0.0,1,3,0.0,0.0,0.0,0.0
2024-10-14,4.99,5.22,5.33,4.95,305126.0,,4.819277108433728,002115.SZ,002115,2024-10-14,4.98,4.819277108433728,0.0,1,3,0.0,0.0,0.0,0.0
2024-10-15,5.19,5.14,5.32,5.09,233946.0,,-1.532567049808431,002115.SZ,002115,2024-10-15,5.22,-1.532567049808431,0.0,1,3,0.0,0.0,0.0,0.0
2024-10-16,5.05,5.16,5.22,5.02,159445.0,,0.3891050583657574,002115.SZ,002115,2024-10-16,5.14,0.3891050583657574,0.0,1,3,0.0,0.0,0.0,0.0
2024-10-17,5.18,5.19,5.32,5.18,241326.0,,0.5813953488372103,002115.SZ,002115,2024-10-17,5.16,0.5813953488372103,0.0,1,3,0.0,0.0,0.0,0.0
2024-10-18,5.18,5.3,5.38,5.15,292676.0,,2.1194605009633882,002115.SZ,002115,2024-10-18,5.19,2.1194605009633882,0.0,1,3,0.0,0.0,0.0,0.0
2024-10-21,5.33,5.41,5.48,5.32,334294.0,,2.075471698113218,002115.SZ,002115,2024-10-21,5.3,2.075471698113218,0.0,1,3,0.0,0.0,0.0,0.0
2024-10-22,5.43,5.46,5.55,5.34,304860.0,,0.9242144177449063,002115.SZ,002115,2024-10-22,5.41,0.9242144177449063,0.0,1,3,0.0,0.0,0.0,0.0
2024-10-23,5.43,5.42,5.56,5.37,322716.0,,-0.73260073260073,002115.SZ,002115,2024-10-23,5.46,-0.73260073260073,0.0,1,3,0.0,0.0,0.0,0.0
2024-10-24,5.43,5.43,5.63,5.33,303403.0,,0.18450184501843658,002115.SZ,002115,2024-10-24,5.42,0.18450184501843658,0.0,1,3,0.0,0.0,0.0,0.0
2024-10-25,5.42,5.47,5.51,5.42,246163.0,,0.7366482504604033,002115.SZ,002115,2024-10-25,5.43,0.7366482504604033,0.0,1,3,0.0,0.0,0.0,0.0
2024-10-28,5.48,5.68,5.69,5.43,371185.0,,3.8391224862888373,002115.SZ,002115,2024-10-28,5.47,3.8391224862888373,0.0,1,3,0.0,0.0,0.0,0.0
2024-10-29,5.67,5.44,5.69,5.43,338036.0,,-4.22535211267604,002115.SZ,002115,2024-10-29,5.68,-4.22535211267604,0.0,1,3,0.0,0.0,0.0,0.0
2024-10-30,5.41,5.51,5.59,5.39,267841.0,,1.2867647058823373,002115.SZ,002115,2024-10-30,5.44,1.2867647058823373,0.0,1,3,0.0,0.0,0.0,0.0
2024-10-31,5.4,5.47,5.51,5.32,357852.0,,-0.7259528130671544,002115.SZ,002115,2024-10-31,5.51,-0.7259528130671544,0.0,1,3,0.0,0.0,0.0,0.0
2024-11-01,5.4,5.08,5.45,5.04,437862.0,,-7.1297989031078535,002115.SZ,002115,2024-11-01,5.47,-7.1297989031078535,0.0,1,3,0.0,0.0,0.0,0.0
2024-11-04,5.08,5.19,5.22,5.06,214068.0,,2.1653543307086576,002115.SZ,002115,2024-11-04,5.08,2.1653543307086576,0.0,1,3,0.0,0.0,0.0,0.0
2024-11-05,5.18,5.32,5.34,5.17,248353.0,,2.5048169556840083,002115.SZ,002115,2024-11-05,5.19,2.5048169556840083,0.0,1,3,0.0,0.0,0.0,0.0
2024-11-06,5.31,5.45,5.51,5.27,435821.0,,2.443609022556381,002115.SZ,002115,2024-11-06,5.32,2.443609022556381,0.0,1,3,0.0,0.0,0.0,0.0
2024-11-07,5.43,5.59,5.59,5.38,371439.0,,2.5688073394495303,002115.SZ,002115,2024-11-07,5.45,2.5688073394495303,0.0,1,3,0.0,0.0,0.0,0.0
2024-11-08,5.67,5.75,5.92,5.62,687946.0,,2.8622540250447193,002115.SZ,002115,2024-11-08,5.59,2.8622540250447193,0.0,1,3,0.0,0.0,0.0,0.0
2024-11-11,5.81,6.0,6.09,5.72,847973.0,,4.347826086956519,002115.SZ,002115,2024-11-11,5.75,4.347826086956519,0.0,1,3,0.0,0.0,0.0,0.0
2024-11-12,6.0,6.32,6.6,5.86,1561186.0,,5.3333333333333455,002115.SZ,002115,2024-11-12,6.0,5.3333333333333455,0.0,1,3,0.0,0.0,0.0,0.0
2024-11-13,6.11,6.61,6.77,6.07,1366720.0,,4.588607594936711,002115.SZ,002115,2024-11-13,6.32,4.588607594936711,0.0,1,3,0.0,0.0,0.0,0.0
2024-11-14,6.45,6.14,6.5,6.04,974199.0,,-7.110438729198199,002115.SZ,002115,2024-11-14,6.61,-7.110438729198199,0.0,1,3,0.0,0.0,0.0,0.0
2024-11-15,6.08,6.04,6.39,6.02,785255.0,,-1.6286644951139961,002115.SZ,002115,2024-11-15,6.14,-1.6286644951139961,0.0,1,3,0.0,0.0,0.0,0.0
2024-11-18,6.0,5.74,6.1,5.57,641217.0,,-4.966887417218535,002115.SZ,002115,2024-11-18,6.04,-4.966887417218535,0.0,1,3,0.0,0.0,0.0,0.0
2024-11-19,5.7,5.8,5.82,5.55,424038.0,,1.0452961672473782,002115.SZ,002115,2024-11-19,5.74,1.0452961672473782,0.0,1,3,0.0,0.0,0.0,0.0
2024-11-20,5.77,6.18,6.38,5.76,1033536.0,,6.5517241379310365,002115.SZ,002115,2024-11-20,5.8,6.5517241379310365,0.0,1,3,0.0,0.0,0.0,0.0
2024-11-21,6.18,6.25,6.51,6.11,987426.0,,1.1326860841424091,002115.SZ,002115,2024-11-21,6.18,1.1326860841424091,0.0,1,3,0.0,0.0,0.0,0.0
2024-11-22,6.2,5.94,6.33,5.92,702957.0,,-4.959999999999997,002115.SZ,002115,2024-11-22,6.25,-4.959999999999997,0.0,1,3,0.0,0.0,0.0,0.0
2024-11-25,6.21,6.15,6.32,5.94,618721.0,,3.535353535353525,002115.SZ,002115,2024-11-25,5.94,3.535353535353525,0.0,1,3,0.0,0.0,0.0,0.0
2024-11-26,6.64,6.77,6.77,6.44,506531.0,,10.08130081300811,002115.SZ,002115,2024-11-26,6.15,10.08130081300811,0.0,1,3,0.0,0.0,0.0,0.0
2024-11-27,7.03,6.65,7.27,6.46,2098381.0,,-1.7725258493352936,002115.SZ,002115,2024-11-27,6.77,-1.7725258493352936,0.0,1,3,0.0,0.0,0.0,0.0
2024-11-28,6.45,6.72,7.04,6.45,1546855.0,,1.0526315789473495,002115.SZ,002115,2024-11-28,6.65,1.0526315789473495,0.0,1,3,0.0,0.0,0.0,0.0
2024-11-29,6.64,6.4,6.71,6.3,1253564.0,,-4.761904761904756,002115.SZ,002115,2024-11-29,6.72,-4.761904761904756,0.0,1,3,0.0,0.0,0.0,0.0
2024-12-02,6.35,7.04,7.04,6.33,1055523.0,,9.999999999999986,002115.SZ,002115,2024-12-02,6.4,9.999999999999986,0.0,1,3,0.0,0.0,0.0,0.0
2024-12-03,7.14,6.83,7.2,6.79,1538326.0,,-2.9829545454545414,002115.SZ,002115,2024-12-03,7.04,-2.9829545454545414,0.0,1,3,0.0,0.0,0.0,0.0
2024-12-04,6.73,6.6,6.96,6.51,958140.0,,-3.3674963396779,002115.SZ,002115,2024-12-04,6.83,-3.3674963396779,0.0,1,3,0.0,0.0,0.0,0.0
2024-12-05,6.61,7.26,7.26,6.6,942221.0,,10.000000000000009,002115.SZ,002115,2024-12-05,6.6,10.000000000000009,0.0,1,3,0.0,0.0,0.0,0.0
2024-12-06,7.26,7.16,7.8,7.08,2260056.0,,-1.377410468319551,002115.SZ,002115,2024-12-06,7.26,-1.377410468319551,0.0,1,3,0.0,0.0,0.0,0.0
2024-12-09,7.17,7.4,7.72,7.17,1533256.0,,3.3519553072625774,002115.SZ,002115,2024-12-09,7.16,3.3519553072625774,0.0,1,3,0.0,0.0,0.0,0.0
2024-12-10,7.49,8.14,8.14,7.26,2060095.0,,10.000000000000009,002115.SZ,002115,2024-12-10,7.4,10.000000000000009,0.0,1,3,0.0,0.0,0.0,0.0
2024-12-11,8.95,8.95,8.95,8.95,238751.0,,9.950859950859936,002115.SZ,002115,2024-12-11,8.14,9.950859950859936,0.0,1,3,0.0,0.0,0.0,0.0
2024-12-12,9.85,9.85,9.85,9.85,123526.0,,10.05586592178771,002115.SZ,002115,2024-12-12,8.95,10.05586592178771,0.0,1,3,0.0,0.0,0.0,0.0
2024-12-13,10.5,10.84,10.84,10.31,1252095.0,,10.050761421319798,002115.SZ,002115,2024-12-13,9.85,10.050761421319798,0.0,1,3,0.0,0.0,0.0,0.0
2024-12-16,11.92,10.9,11.92,10.31,1430094.0,,0.5535055350553542,002115.SZ,002115,2024-12-16,10.84,0.5535055350553542,0.0,1,3,0.0,0.0,0.0,0.0
2024-12-17,11.58,9.81,11.99,9.81,4582560.0,,-9.999999999999998,002115.SZ,002115,2024-12-17,10.9,-9.999999999999998,0.0,1,3,0.0,0.0,0.0,0.0
2024-12-18,8.83,9.22,10.28,8.83,4085545.0,,-6.014271151885831,002115.SZ,002115,2024-12-18,9.81,-6.014271151885831,0.0,1,3,0.0,0.0,0.0,0.0
2024-12-19,9.25,9.26,9.88,9.17,3217837.0,,0.433839479392617,002115.SZ,002115,2024-12-19,9.22,0.433839479392617,0.0,1,3,0.0,0.0,0.0,0.0
2024-12-20,8.91,8.52,9.3,8.4,2993144.0,,-7.9913606911447115,002115.SZ,002115,2024-12-20,9.26,-7.9913606911447115,0.0,1,3,0.0,0.0,0.0,0.0
2024-12-23,8.81,7.8,8.88,7.7,2051864.0,,-8.450704225352112,002115.SZ,002115,2024-12-23,8.52,-8.450704225352112,0.0,1,3,0.0,0.0,0.0,0.0
2024-12-24,7.8,7.56,7.88,7.38,1658572.0,,-3.076923076923077,002115.SZ,002115,2024-12-24,7.8,-3.076923076923077,0.0,1,3,0.0,0.0,0.0,0.0
2024-12-25,7.53,7.35,7.56,6.96,1333799.0,,-2.777777777777779,002115.SZ,002115,2024-12-25,7.56,-2.777777777777779,0.0,1,3,0.0,0.0,0.0,0.0
2024-12-26,7.34,7.32,7.59,7.27,1197622.0,,-0.40816326530611624,002115.SZ,002115,2024-12-26,7.35,-0.40816326530611624,0.0,1,3,0.0,0.0,0.0,0.0
2024-12-27,7.28,7.29,7.47,7.22,934520.0,,-0.4098360655737765,002115.SZ,002115,2024-12-27,7.32,-0.4098360655737765,0.0,1,3,0.0,0.0,0.0,0.0
2024-12-30,7.24,6.98,7.26,6.93,858906.0,,-4.252400548696844,002115.SZ,002115,2024-12-30,7.29,-4.252400548696844,0.0,1,3,0.0,0.0,0.0,0.0
2024-12-31,7.0,6.65,7.06,6.61,749766.0,,-4.727793696275073,002115.SZ,002115,2024-12-31,6.98,-4.727793696275073,0.0,1,3,0.0,0.0,0.0,0.0
2025-01-02,6.66,6.7,6.88,6.61,912220.0,,0.7518796992481258,002115.SZ,002115,2025-01-02,6.65,0.7518796992481258,0.0,1,3,0.0,0.0,0.0,0.0
2025-01-03,6.73,6.15,6.8,6.1,901892.0,,-8.208955223880599,002115.SZ,002115,2025-01-03,6.7,-8.208955223880599,0.0,1,3,0.0,0.0,0.0,0.0
2025-01-06,6.15,6.17,6.5,5.91,847282.0,,0.3252032520325132,002115.SZ,002115,2025-01-06,6.15,0.3252032520325132,0.0,1,3,0.0,0.0,0.0,0.0
2025-01-07,6.22,6.4,6.41,6.13,851205.0,,3.7277147487844386,002115.SZ,002115,2025-01-07,6.17,3.7277147487844386,0.0,1,3,0.0,0.0,0.0,0.0
2025-01-08,6.39,6.63,6.9,6.19,1526604.0,,3.5937499999999956,002115.SZ,002115,2025-01-08,6.4,3.5937499999999956,0.0,1,3,0.0,0.0,0.0,0.0
2025-01-09,6.54,6.71,6.88,6.48,1385309.0,,1.2066365007541435,002115.SZ,002115,2025-01-09,6.63,1.2066365007541435,0.0,1,3,0.0,0.0,0.0,0.0
2025-01-10,6.66,6.34,6.78,6.33,1005434.0,,-5.514157973174372,002115.SZ,002115,2025-01-10,6.71,-5.514157973174372,0.0,1,3,0.0,0.0,0.0,0.0
2025-01-13,6.22,6.25,6.36,6.03,621066.0,,-1.4195583596214534,002115.SZ,002115,2025-01-13,6.34,-1.4195583596214534,0.0,1,3,0.0,0.0,0.0,0.0
2025-01-14,6.5,6.88,6.88,6.36,1328516.0,,10.08,002115.SZ,002115,2025-01-14,6.25,10.08,0.0,1,3,0.0,0.0,0.0,0.0
2025-01-15,7.25,7.57,7.57,7.24,1702238.0,,10.029069767441868,002115.SZ,002115,2025-01-15,6.88,10.029069767441868,0.0,1,3,0.0,0.0,0.0,0.0
2025-01-16,7.57,7.81,8.17,7.21,3468410.0,,3.1704095112285335,002115.SZ,002115,2025-01-16,7.57,3.1704095112285335,0.0,1,3,0.0,0.0,0.0,0.0
2025-01-17,7.5,7.25,7.55,7.21,1818149.0,,-7.170294494238149,002115.SZ,002115,2025-01-17,7.81,-7.170294494238149,0.0,1,3,0.0,0.0,0.0,0.0
2025-01-20,7.37,7.13,7.43,7.06,1244553.0,,-1.6551724137931045,002115.SZ,002115,2025-01-20,7.25,-1.6551724137931045,0.0,1,3,0.0,0.0,0.0,0.0
2025-01-21,7.23,7.03,7.35,6.81,1198726.0,,-1.4025245441795176,002115.SZ,002115,2025-01-21,7.13,-1.4025245441795176,0.0,1,3,0.0,0.0,0.0,0.0
2025-01-22,6.96,6.81,7.04,6.76,860199.0,,-3.1294452347084056,002115.SZ,002115,2025-01-22,7.03,-3.1294452347084056,0.0,1,3,0.0,0.0,0.0,0.0
2025-01-23,6.92,7.15,7.2,6.84,1566894.0,,4.992657856093996,002115.SZ,002115,2025-01-23,6.81,4.992657856093996,0.0,1,3,0.0,0.0,0.0,0.0
2025-01-24,6.84,6.72,6.84,6.44,1804729.0,,-6.013986013986017,002115.SZ,002115,2025-01-24,7.15,-6.013986013986017,0.0,1,3,0.0,0.0,0.0,0.0
2025-01-27,6.83,6.4,6.87,6.4,889386.0,,-4.761904761904756,002115.SZ,002115,2025-01-27,6.72,-4.761904761904756,0.0,1,3,0.0,0.0,0.0,0.0
2025-02-05,6.49,6.76,6.9,6.49,1179033.0,,5.624999999999991,002115.SZ,002115,2025-02-05,6.4,5.624999999999991,0.0,1,3,0.0,0.0,0.0,0.0
2025-02-06,6.77,7.03,7.05,6.63,1181993.0,,3.9940828402367012,002115.SZ,002115,2025-02-06,6.76,3.9940828402367012,0.0,1,3,0.0,0.0,0.0,0.0
2025-02-07,7.05,7.15,7.28,6.96,1458186.0,,1.7069701280227667,002115.SZ,002115,2025-02-07,7.03,1.7069701280227667,0.0,1,3,0.0,0.0,0.0,0.0
2025-02-10,7.22,7.45,7.46,7.22,1482252.0,,4.195804195804187,002115.SZ,002115,2025-02-10,7.15,4.195804195804187,0.0,1,3,0.0,0.0,0.0,0.0
2025-02-11,7.38,8.19,8.2,7.31,2568012.0,,9.932885906040267,002115.SZ,002115,2025-02-11,7.45,9.932885906040267,0.0,1,3,0.0,0.0,0.0,0.0
2025-02-12,7.85,8.03,8.37,7.76,2272708.0,,-1.9536019536019578,002115.SZ,002115,2025-02-12,8.19,-1.9536019536019578,0.0,1,3,0.0,0.0,0.0,0.0
2025-02-13,8.07,8.21,8.57,8.02,2034845.0,,2.241594022415949,002115.SZ,002115,2025-02-13,8.03,2.241594022415949,0.0,1,3,0.0,0.0,0.0,0.0
2025-02-14,8.03,7.81,8.05,7.68,1487345.0,,-4.87210718635811,002115.SZ,002115,2025-02-14,8.21,-4.87210718635811,0.0,1,3,0.0,0.0,0.0,0.0
2025-02-17,7.97,7.97,8.07,7.83,1162323.0,,2.0486555697823317,002115.SZ,002115,2025-02-17,7.81,2.0486555697823317,0.0,1,3,0.0,0.0,0.0,0.0
2025-02-18,7.9,7.5,8.03,7.48,1035820.0,,-5.8971141781681276,002115.SZ,002115,2025-02-18,7.97,-5.8971141781681276,0.0,1,3,0.0,0.0,0.0,0.0
2025-02-19,7.53,7.71,7.74,7.43,741314.0,,2.8000000000000025,002115.SZ,002115,2025-02-19,7.5,2.8000000000000025,0.0,1,3,0.0,0.0,0.0,0.0
2025-02-20,7.77,7.79,7.97,7.7,834489.0,,1.037613488975353,002115.SZ,002115,2025-02-20,7.71,1.037613488975353,0.0,1,3,0.0,0.0,0.0,0.0
2025-02-21,7.88,8.1,8.14,7.8,1678511.0,,3.979460847240057,002115.SZ,002115,2025-02-21,7.79,3.979460847240057,0.0,1,3,0.0,0.0,0.0,0.0
2025-02-24,8.07,7.94,8.21,7.81,1096613.0,,-1.975308641975304,002115.SZ,002115,2025-02-24,8.1,-1.975308641975304,0.0,1,3,0.0,0.0,0.0,0.0
2025-02-25,7.81,7.74,7.92,7.66,803794.0,,-2.518891687657432,002115.SZ,002115,2025-02-25,7.94,-2.518891687657432,0.0,1,3,0.0,0.0,0.0,0.0
2025-02-26,7.74,7.77,7.83,7.67,668416.0,,0.3875968992248069,002115.SZ,002115,2025-02-26,7.74,0.3875968992248069,0.0,1,3,0.0,0.0,0.0,0.0
2025-02-27,7.76,7.93,7.94,7.68,1043935.0,,2.05920205920207,002115.SZ,002115,2025-02-27,7.77,2.05920205920207,0.0,1,3,0.0,0.0,0.0,0.0
2025-02-28,7.86,7.31,7.86,7.26,838693.0,,-7.81841109709962,002115.SZ,002115,2025-02-28,7.93,-7.81841109709962,0.0,1,3,0.0,0.0,0.0,0.0
2025-03-03,7.32,7.23,7.39,7.09,511268.0,,-1.09439124487003,002115.SZ,002115,2025-03-03,7.31,-1.09439124487003,0.0,1,3,0.0,0.0,0.0,0.0
2025-03-04,7.14,7.3,7.3,7.08,383320.0,,0.9681881051175623,002115.SZ,002115,2025-03-04,7.23,0.9681881051175623,0.0,1,3,0.0,0.0,0.0,0.0
2025-03-05,7.32,8.03,8.03,7.32,1467854.0,,9.999999999999986,002115.SZ,002115,2025-03-05,7.3,9.999999999999986,0.0,1,3,0.0,0.0,0.0,0.0
2025-03-06,8.67,8.83,8.83,8.51,950620.0,,9.96264009962642,002115.SZ,002115,2025-03-06,8.03,9.96264009962642,0.0,1,3,0.0,0.0,0.0,0.0
2025-03-07,8.75,8.43,9.25,8.41,3346896.0,,-4.530011325028315,002115.SZ,002115,2025-03-07,8.83,-4.530011325028315,0.0,1,3,0.0,0.0,0.0,0.0
2025-03-10,8.55,8.49,8.93,8.43,1842941.0,,0.7117437722419906,002115.SZ,002115,2025-03-10,8.43,0.7117437722419906,0.0,1,3,0.0,0.0,0.0,0.0
2025-03-11,8.32,8.65,8.89,8.32,1659021.0,,1.8845700824499323,002115.SZ,002115,2025-03-11,8.49,1.8845700824499323,0.0,1,3,0.0,0.0,0.0,0.0
2025-03-12,8.66,8.98,9.13,8.5,2174154.0,,3.8150289017341077,002115.SZ,002115,2025-03-12,8.65,3.8150289017341077,0.0,1,3,0.0,0.0,0.0,0.0
2025-03-13,9.01,9.11,9.41,8.7,1969675.0,,1.4476614699331813,002115.SZ,002115,2025-03-13,8.98,1.4476614699331813,0.0,1,3,0.0,0.0,0.0,0.0
2025-03-14,8.86,8.85,8.93,8.47,1287527.0,,-2.8540065861690445,002115.SZ,002115,2025-03-14,9.11,-2.8540065861690445,0.0,1,3,0.0,0.0,0.0,0.0
2025-03-17,8.77,9.11,9.74,8.64,2230989.0,,2.9378531073446235,002115.SZ,002115,2025-03-17,8.85,2.9378531073446235,0.0,1,3,0.0,0.0,0.0,0.0
2025-03-18,9.01,9.0,9.33,8.89,1443748.0,,-1.207464324917662,002115.SZ,002115,2025-03-18,9.11,-1.207464324917662,0.0,1,3,0.0,0.0,0.0,0.0
2025-03-19,8.91,8.9,9.25,8.8,1410951.0,,-1.1111111111111072,002115.SZ,002115,2025-03-19,9.0,-1.1111111111111072,0.0,1,3,0.0,0.0,0.0,0.0
2025-03-20,8.69,8.53,8.74,8.5,1169604.0,,-4.157303370786525,002115.SZ,002115,2025-03-20,8.9,-4.157303370786525,0.0,1,3,0.0,0.0,0.0,0.0
2025-03-21,8.51,9.38,9.38,8.36,1694326.0,,9.964830011723347,002115.SZ,002115,2025-03-21,8.53,9.964830011723347,0.0,1,3,0.0,0.0,0.0,0.0
2025-03-24,9.55,9.5,10.17,9.31,3423401.0,,1.2793176972281328,002115.SZ,002115,2025-03-24,9.38,1.2793176972281328,0.0,1,3,0.0,0.0,0.0,0.0
2025-03-25,9.58,8.77,9.79,8.76,2379647.0,,-7.684210526315793,002115.SZ,002115,2025-03-25,9.5,-7.684210526315793,0.0,1,3,0.0,0.0,0.0,0.0
2025-03-26,8.77,9.65,9.65,8.48,1716321.0,,10.034207525655647,002115.SZ,002115,2025-03-26,8.77,10.034207525655647,0.0,1,3,0.0,0.0,0.0,0.0
2025-03-27,9.8,9.89,10.39,9.41,3004545.0,,2.4870466321243567,002115.SZ,002115,2025-03-27,9.65,2.4870466321243567,0.0,1,3,0.0,0.0,0.0,0.0
2025-03-28,9.55,9.19,9.71,9.11,1733398.0,,-7.077856420626905,002115.SZ,002115,2025-03-28,9.89,-7.077856420626905,0.0,1,3,0.0,0.0,0.0,0.0
2025-03-31,9.18,9.23,9.59,8.6,1573072.0,,0.43525571273124175,002115.SZ,002115,2025-03-31,9.19,0.43525571273124175,0.0,1,3,0.0,0.0,0.0,0.0
2025-04-01,9.1,9.18,9.49,8.84,1299293.0,,-0.5417118093174467,002115.SZ,002115,2025-04-01,9.23,-0.5417118093174467,0.0,1,3,0.0,0.0,0.0,0.0
2025-04-02,8.98,8.7,9.17,8.69,1196355.0,,-5.228758169934644,002115.SZ,002115,2025-04-02,9.18,-5.228758169934644,0.0,1,3,0.0,0.0,0.0,0.0
2025-04-03,8.45,8.09,8.74,8.03,1228922.0,,-7.011494252873563,002115.SZ,002115,2025-04-03,8.7,-7.011494252873563,0.0,1,3,0.0,0.0,0.0,0.0
2025-04-07,7.28,7.28,7.48,7.28,232033.0,,-10.012360939431398,002115.SZ,002115,2025-04-07,8.09,-10.012360939431398,0.0,1,3,0.0,0.0,0.0,0.0
2025-04-08,6.56,6.72,7.11,6.55,1345723.0,,-7.692307692307699,002115.SZ,002115,2025-04-08,7.28,-7.692307692307699,0.0,1,3,0.0,0.0,0.0,0.0
2025-04-09,6.52,6.9,6.99,6.05,1247549.0,,2.6785714285714413,002115.SZ,002115,2025-04-09,6.72,2.6785714285714413,0.0,1,3,0.0,0.0,0.0,0.0
2025-04-10,7.08,7.05,7.3,7.02,1000916.0,,2.1739130434782483,002115.SZ,002115,2025-04-10,6.9,2.1739130434782483,0.0,1,3,0.0,0.0,0.0,0.0
2025-04-11,6.9,7.35,7.69,6.9,1169722.0,,4.255319148936176,002115.SZ,002115,2025-04-11,7.05,4.255319148936176,0.0,1,3,0.0,0.0,0.0,0.0
2025-04-14,7.51,7.43,7.68,7.39,836577.0,,1.0884353741496655,002115.SZ,002115,2025-04-14,7.35,1.0884353741496655,0.0,1,3,0.0,0.0,0.0,0.0
2025-04-15,7.4,7.42,7.61,7.33,692586.0,,-0.1345895020188448,002115.SZ,002115,2025-04-15,7.43,-0.1345895020188448,0.0,1,3,0.0,0.0,0.0,0.0
2025-04-16,7.32,7.08,7.36,6.98,759384.0,,-4.582210242587603,002115.SZ,002115,2025-04-16,7.42,-4.582210242587603,0.0,1,3,0.0,0.0,0.0,0.0
2025-04-17,7.01,6.98,7.17,6.97,475624.0,,-1.412429378531066,002115.SZ,002115,2025-04-17,7.08,-1.412429378531066,0.0,1,3,0.0,0.0,0.0,0.0
2025-04-18,6.92,7.33,7.48,6.85,1168054.0,,5.014326647564471,002115.SZ,002115,2025-04-18,6.98,5.014326647564471,0.0,1,3,0.0,0.0,0.0,0.0
2025-04-21,7.33,7.5,7.65,7.3,1014710.0,,2.3192360163710735,002115.SZ,002115,2025-04-21,7.33,2.3192360163710735,0.0,1,3,0.0,0.0,0.0,0.0
2025-04-22,7.46,7.24,7.48,7.2,746806.0,,-3.4666666666666623,002115.SZ,002115,2025-04-22,7.5,-3.4666666666666623,0.0,1,3,0.0,0.0,0.0,0.0
2025-04-23,7.3,7.33,7.41,7.26,560527.0,,1.2430939226519389,002115.SZ,002115,2025-04-23,7.24,1.2430939226519389,0.0,1,3,0.0,0.0,0.0,0.0
2025-04-24,7.32,7.08,7.32,7.05,534284.0,,-3.4106412005457054,002115.SZ,002115,2025-04-24,7.33,-3.4106412005457054,0.0,1,3,0.0,0.0,0.0,0.0
2025-04-25,7.08,7.02,7.14,7.01,429312.0,,-0.8474576271186529,002115.SZ,002115,2025-04-25,7.08,-0.8474576271186529,0.0,1,3,0.0,0.0,0.0,0.0
2025-04-28,6.9,6.98,7.13,6.9,427020.0,,-0.5698005698005604,002115.SZ,002115,2025-04-28,7.02,-0.5698005698005604,0.0,1,3,0.0,0.0,0.0,0.0
2025-04-29,6.95,7.05,7.13,6.83,416338.0,,1.0028653295128809,002115.SZ,002115,2025-04-29,6.98,1.0028653295128809,0.0,1,3,0.0,0.0,0.0,0.0
2025-04-30,7.08,7.17,7.28,7.03,453905.0,,1.7021276595744705,002115.SZ,002115,2025-04-30,7.05,1.7021276595744705,0.0,1,3,0.0,0.0,0.0,0.0
2025-05-06,7.27,7.69,7.8,7.22,1033572.0,,7.252440725244069,002115.SZ,002115,2025-05-06,7.17,7.252440725244069,0.0,1,3,0.0,0.0,0.0,0.0
2025-05-07,7.75,7.62,7.79,7.48,840387.0,,-0.9102730819245841,002115.SZ,002115,2025-05-07,7.69,-0.9102730819245841,0.0,1,3,0.0,0.0,0.0,0.0
2025-05-08,7.55,7.85,7.96,7.52,1107974.0,,3.0183727034120755,002115.SZ,002115,2025-05-08,7.62,3.0183727034120755,0.0,1,3,0.0,0.0,0.0,0.0
2025-05-09,7.78,7.82,7.94,7.65,937263.0,,-0.3821656050955302,002115.SZ,002115,2025-05-09,7.85,-0.3821656050955302,0.0,1,3,0.0,0.0,0.0,0.0
2025-05-12,7.82,8.26,8.27,7.73,1283586.0,,5.626598465473132,002115.SZ,002115,2025-05-12,7.82,5.626598465473132,0.0,1,3,0.0,0.0,0.0,0.0
2025-05-13,8.2,8.11,8.26,8.06,942716.0,,-1.8159806295399594,002115.SZ,002115,2025-05-13,8.26,-1.8159806295399594,0.0,1,3,0.0,0.0,0.0,0.0
2025-05-14,8.07,7.98,8.15,7.91,669689.0,,-1.6029593094944339,002115.SZ,002115,2025-05-14,8.11,-1.6029593094944339,0.0,1,3,0.0,0.0,0.0,0.0
2025-05-15,8.0,7.81,8.11,7.8,582014.0,,-2.130325814536349,002115.SZ,002115,2025-05-15,7.98,-2.130325814536349,0.0,1,3,0.0,0.0,0.0,0.0
2025-05-16,7.76,7.82,7.92,7.72,413843.0,,0.1280409731114096,002115.SZ,002115,2025-05-16,7.81,0.1280409731114096,0.0,1,3,0.0,0.0,0.0,0.0
2025-05-19,7.8,7.86,7.87,7.66,425886.0,,0.5115089514066584,002115.SZ,002115,2025-05-19,7.82,0.5115089514066584,0.0,1,3,0.0,0.0,0.0,0.0
2025-05-20,7.87,8.0,8.02,7.73,598633.0,,1.781170483460559,002115.SZ,002115,2025-05-20,7.86,1.781170483460559,0.0,1,3,0.0,0.0,0.0,0.0
2025-05-21,7.93,7.78,7.98,7.77,431062.0,,-2.749999999999997,002115.SZ,002115,2025-05-21,8.0,-2.749999999999997,0.0,1,3,0.0,0.0,0.0,0.0
2025-05-22,7.75,7.69,7.83,7.66,355988.0,,-1.1568123393316143,002115.SZ,002115,2025-05-22,7.78,-1.1568123393316143,0.0,1,3,0.0,0.0,0.0,0.0
2025-05-23,7.65,7.4,7.7,7.38,465113.0,,-3.771131339401823,002115.SZ,002115,2025-05-23,7.69,-3.771131339401823,0.0,1,3,0.0,0.0,0.0,0.0
2025-05-26,7.54,7.68,7.74,7.48,472303.0,,3.7837837837837673,002115.SZ,002115,2025-05-26,7.4,3.7837837837837673,0.0,1,3,0.0,0.0,0.0,0.0
2025-05-27,7.7,7.89,8.08,7.53,706037.0,,2.734375,002115.SZ,002115,2025-05-27,7.68,2.734375,0.0,1,3,0.0,0.0,0.0,0.0
2025-05-28,7.78,7.68,7.88,7.64,491198.0,,-2.6615969581749055,002115.SZ,002115,2025-05-28,7.89,-2.6615969581749055,0.0,1,3,0.0,0.0,0.0,0.0
2025-05-29,7.68,7.92,7.98,7.64,655424.0,,3.125,002115.SZ,002115,2025-05-29,7.68,3.125,0.0,1,3,0.0,0.0,0.0,0.0
2025-05-30,7.85,7.83,8.03,7.76,533103.0,,-1.1363636363636354,002115.SZ,002115,2025-05-30,7.92,-1.1363636363636354,0.0,1,3,0.0,0.0,0.0,0.0
2025-06-03,7.81,7.85,8.02,7.77,523817.0,,0.25542784163472554,002115.SZ,002115,2025-06-03,7.83,0.25542784163472554,0.0,1,3,0.0,0.0,0.0,0.0
2025-06-04,7.77,7.79,7.91,7.76,452596.0,,-0.7643312101910826,002115.SZ,002115,2025-06-04,7.85,-0.7643312101910826,0.0,1,3,0.0,0.0,0.0,0.0
2025-06-05,7.78,8.57,8.57,7.71,2050756.0,,10.01283697047497,002115.SZ,002115,2025-06-05,7.79,10.01283697047497,0.0,1,3,0.0,0.0,0.0,0.0
2025-06-06,8.61,8.45,8.75,8.36,1961559.0,,-1.4002333722287208,002115.SZ,002115,2025-06-06,8.57,-1.4002333722287208,0.0,1,3,0.0,0.0,0.0,0.0
2025-06-09,8.35,8.43,8.53,8.35,936533.0,,-0.2366863905325367,002115.SZ,002115,2025-06-09,8.45,-0.2366863905325367,0.0,1,3,0.0,0.0,0.0,0.0
2025-06-10,8.45,8.66,8.67,8.36,1712156.0,,2.7283511269276417,002115.SZ,002115,2025-06-10,8.43,2.7283511269276417,0.0,1,3,0.0,0.0,0.0,0.0
2025-06-11,8.54,8.77,8.8,8.38,1342609.0,,1.270207852193983,002115.SZ,002115,2025-06-11,8.66,1.270207852193983,0.0,1,3,0.0,0.0,0.0,0.0
2025-06-12,8.65,8.57,9.13,8.52,1513299.0,,-2.2805017103762704,002115.SZ,002115,2025-06-12,8.77,-2.2805017103762704,0.0,1,3,0.0,0.0,0.0,0.0
2025-06-13,8.41,8.18,8.55,8.14,948038.0,,-4.550758459743298,002115.SZ,002115,2025-06-13,8.57,-4.550758459743298,0.0,1,3,0.0,0.0,0.0,0.0
2025-06-16,8.11,9.0,9.0,8.11,1438625.0,,10.02444987775062,002115.SZ,002115,2025-06-16,8.18,10.02444987775062,0.0,1,3,0.0,0.0,0.0,0.0
2025-06-17,8.89,9.0,9.08,8.73,1833140.0,,0.0,002115.SZ,002115,2025-06-17,9.0,0.0,0.0,1,3,0.0,0.0,0.0,0.0
2025-06-18,8.89,9.15,9.41,8.74,1675799.0,,1.6666666666666607,002115.SZ,002115,2025-06-18,9.0,1.6666666666666607,0.0,1,3,0.0,0.0,0.0,0.0
2025-06-19,9.06,8.71,9.47,8.7,1536391.0,,-4.808743169398899,002115.SZ,002115,2025-06-19,9.15,-4.808743169398899,0.0,1,3,0.0,0.0,0.0,0.0
2025-06-20,8.88,8.49,8.96,8.45,949076.0,,-2.5258323765786517,002115.SZ,002115,2025-06-20,8.71,-2.5258323765786517,0.0,1,3,0.0,0.0,0.0,0.0
2025-06-23,8.5,8.83,8.85,8.47,909060.0,,4.004711425206131,002115.SZ,002115,2025-06-23,8.49,4.004711425206131,0.0,1,3,0.0,0.0,0.0,0.0
2025-06-24,8.74,9.13,9.27,8.72,1326379.0,,3.3975084937712507,002115.SZ,002115,2025-06-24,8.83,3.3975084937712507,0.0,1,3,0.0,0.0,0.0,0.0
2025-06-25,9.03,9.05,9.12,8.91,1046481.0,,-0.8762322015334112,002115.SZ,002115,2025-06-25,9.13,-0.8762322015334112,0.0,1,3,0.0,0.0,0.0,0.0
2025-06-26,9.06,9.1,9.37,8.95,1270500.0,,0.5524861878452914,002115.SZ,002115,2025-06-26,9.05,0.5524861878452914,0.0,1,3,0.0,0.0,0.0,0.0
2025-06-27,9.05,9.27,9.47,8.89,1356383.0,,1.8681318681318615,002115.SZ,002115,2025-06-27,9.1,1.8681318681318615,0.0,1,3,0.0,0.0,0.0,0.0
2025-06-30,9.28,9.23,9.31,9.13,890969.0,,-0.4314994606256617,002115.SZ,002115,2025-06-30,9.27,-0.4314994606256617,0.0,1,3,0.0,0.0,0.0,0.0
2025-07-01,9.16,9.12,9.26,8.97,771617.0,,-1.1917659804983827,002115.SZ,002115,2025-07-01,9.23,-1.1917659804983827,0.0,1,3,0.0,0.0,0.0,0.0
2025-07-02,9.16,8.98,9.28,8.92,670898.0,,-1.5350877192982337,002115.SZ,002115,2025-07-02,9.12,-1.5350877192982337,0.0,1,3,0.0,0.0,0.0,0.0
2025-07-03,8.99,9.01,9.23,8.95,627088.0,,0.33407572383072903,002115.SZ,002115,2025-07-03,8.98,0.33407572383072903,0.0,1,3,0.0,0.0,0.0,0.0
2025-07-04,9.0,8.62,9.0,8.6,851221.0,,-4.328523862375144,002115.SZ,002115,2025-07-04,9.01,-4.328523862375144,0.0,1,3,0.0,0.0,0.0,0.0
2025-07-07,8.53,8.66,8.69,8.5,407288.0,,0.46403712296985145,002115.SZ,002115,2025-07-07,8.62,0.46403712296985145,0.0,1,3,0.0,0.0,0.0,0.0
2025-07-08,8.61,8.75,8.78,8.59,480933.0,,1.0392609699769073,002115.SZ,002115,2025-07-08,8.66,1.0392609699769073,0.0,1,3,0.0,0.0,0.0,0.0
2025-07-09,8.73,8.54,8.75,8.5,583703.0,,-2.4000000000000132,002115.SZ,002115,2025-07-09,8.75,-2.4000000000000132,0.0,1,3,0.0,0.0,0.0,0.0
2025-07-10,8.53,8.42,8.58,8.36,471336.0,,-1.4051522248243464,002115.SZ,002115,2025-07-10,8.54,-1.4051522248243464,0.0,1,3,0.0,0.0,0.0,0.0
2025-07-11,8.41,8.46,8.5,8.35,376546.0,,0.47505938242280443,002115.SZ,002115,2025-07-11,8.42,0.47505938242280443,0.0,1,3,0.0,0.0,0.0,0.0
2025-07-14,8.48,8.41,8.5,8.33,328345.0,,-0.5910165484633634,002115.SZ,002115,2025-07-14,8.46,-0.5910165484633634,0.0,1,3,0.0,0.0,0.0,0.0
2025-07-15,8.42,8.61,8.72,8.22,755465.0,,2.378121284185486,002115.SZ,002115,2025-07-15,8.41,2.378121284185486,0.0,1,3,0.0,0.0,0.0,0.0
2025-07-16,8.51,8.54,8.63,8.5,383080.0,,-0.8130081300813052,002115.SZ,002115,2025-07-16,8.61,-0.8130081300813052,0.0,1,3,0.0,0.0,0.0,0.0
2025-07-17,8.55,8.6,8.63,8.5,315081.0,,0.7025761124121788,002115.SZ,002115,2025-07-17,8.54,0.7025761124121788,0.0,1,3,0.0,0.0,0.0,0.0
2025-07-18,8.61,8.53,8.67,8.52,290488.0,,-0.8139534883720989,002115.SZ,002115,2025-07-18,8.6,-0.8139534883720989,0.0,1,3,0.0,0.0,0.0,0.0
2025-07-21,8.37,8.54,8.55,8.37,280364.0,,0.11723329425556983,002115.SZ,002115,2025-07-21,8.53,0.11723329425556983,0.0,1,3,0.0,0.0,0.0,0.0
2025-07-22,8.51,8.35,8.51,8.33,413518.0,,-2.2248243559718883,002115.SZ,002115,2025-07-22,8.54,-2.2248243559718883,0.0,1,3,0.0,0.0,0.0,0.0
2025-07-23,8.33,8.29,8.44,8.27,284194.0,,-0.7185628742515049,002115.SZ,002115,2025-07-23,8.35,-0.7185628742515049,0.0,1,3,0.0,0.0,0.0,0.0
2025-07-24,8.31,8.36,8.36,8.29,262128.0,,0.8443908323281013,002115.SZ,002115,2025-07-24,8.29,0.8443908323281013,0.0,1,3,0.0,0.0,0.0,0.0
2025-07-25,8.37,8.54,8.62,8.35,460633.0,,2.1531100478468845,002115.SZ,002115,2025-07-25,8.36,2.1531100478468845,0.0,1,3,0.0,0.0,0.0,0.0
2025-07-28,8.54,8.47,8.59,8.43,300682.0,,-0.8196721311475197,002115.SZ,002115,2025-07-28,8.54,-0.8196721311475197,0.0,1,3,0.0,0.0,0.0,0.0
2025-07-29,8.46,8.45,8.48,8.33,291637.0,,-0.23612750885479983,002115.SZ,002115,2025-07-29,8.47,-0.23612750885479983,0.0,1,3,0.0,0.0,0.0,0.0
2025-07-30,8.41,8.44,8.66,8.38,298215.0,,-0.11834319526626835,002115.SZ,002115,2025-07-30,8.45,-0.11834319526626835,0.0,1,3,0.0,0.0,0.0,0.0
2025-07-31,8.42,8.49,8.6,8.39,441975.0,,0.5924170616113722,002115.SZ,002115,2025-07-31,8.44,0.5924170616113722,0.0,1,3,0.0,0.0,0.0,0.0
2025-08-01,8.45,8.32,8.48,8.29,338686.0,,-2.0023557126030656,002115.SZ,002115,2025-08-01,8.49,-2.0023557126030656,0.0,1,3,0.0,0.0,0.0,0.0
2025-08-04,8.26,8.37,8.42,8.16,294217.0,,0.6009615384615197,002115.SZ,002115,2025-08-04,8.32,0.6009615384615197,0.0,1,3,0.0,0.0,0.0,0.0
2025-08-05,8.35,8.53,8.59,8.32,469060.0,,1.9115890083632125,002115.SZ,002115,2025-08-05,8.37,1.9115890083632125,0.0,1,3,0.0,0.0,0.0,0.0
2025-08-06,8.54,8.56,8.58,8.47,405607.0,,0.3516998827667095,002115.SZ,002115,2025-08-06,8.53,0.3516998827667095,0.0,1,3,0.0,0.0,0.0,0.0
2025-08-07,8.55,8.58,8.64,8.5,409984.0,,0.2336448598130758,002115.SZ,002115,2025-08-07,8.56,0.2336448598130758,0.0,1,3,0.0,0.0,0.0,0.0
2025-08-08,8.57,8.65,8.75,8.51,633827.0,,0.8158508158508271,002115.SZ,002115,2025-08-08,8.58,0.8158508158508271,0.0,1,3,0.0,0.0,0.0,0.0
2025-08-11,8.6,8.74,8.8,8.6,622908.0,,1.0404624277456698,002115.SZ,002115,2025-08-11,8.65,1.0404624277456698,0.0,1,3,0.0,0.0,0.0,0.0
2025-08-12,8.74,8.59,8.74,8.53,456715.0,,-1.7162471395881007,002115.SZ,002115,2025-08-12,8.74,-1.7162471395881007,0.0,1,3,0.0,0.0,0.0,0.0
2025-08-13,8.6,8.58,8.64,8.53,383106.0,,-0.11641443538998875,002115.SZ,002115,2025-08-13,8.59,-0.11641443538998875,0.0,1,3,0.0,0.0,0.0,0.0
2025-08-14,8.57,8.35,8.59,8.3,507203.0,,-2.6806526806526842,002115.SZ,002115,2025-08-14,8.58,-2.6806526806526842,0.0,1,3,0.0,0.0,0.0,0.0
2025-08-15,8.36,8.39,8.48,8.34,316707.0,,0.47904191616767733,002115.SZ,002115,2025-08-15,8.35,0.47904191616767733,0.0,1,3,0.0,0.0,0.0,0.0
2025-08-18,8.4,8.63,8.63,8.38,613285.0,,2.8605482717520836,002115.SZ,002115,2025-08-18,8.39,2.8605482717520836,0.0,1,3,0.0,0.0,0.0,0.0
2025-08-19,8.63,8.63,8.68,8.52,496119.0,,0.0,002115.SZ,002115,2025-08-19,8.63,0.0,0.0,1,3,0.0,0.0,0.0,0.0
2025-08-20,8.62,8.71,8.71,8.56,480383.0,,0.9269988412514474,002115.SZ,002115,2025-08-20,8.63,0.9269988412514474,0.0,1,3,0.0,0.0,0.0,0.0
2025-08-21,8.74,8.61,8.75,8.53,441157.0,,-1.148105625717577,002115.SZ,002115,2025-08-21,8.71,-1.148105625717577,0.0,1,3,0.0,0.0,0.0,0.0
2025-08-22,8.58,8.67,8.69,8.54,443298.0,,0.6968641114982743,002115.SZ,002115,2025-08-22,8.61,0.6968641114982743,0.0,1,3,0.0,0.0,0.0,0.0
2025-08-25,8.67,8.98,9.03,8.61,1391326.0,,3.5755478662053086,002115.SZ,002115,2025-08-25,8.67,3.5755478662053086,0.0,1,3,0.0,0.0,0.0,0.0
2025-08-26,8.95,9.03,9.24,8.88,1109079.0,,0.556792873051215,002115.SZ,002115,2025-08-26,8.98,0.556792873051215,0.0,1,3,0.0,0.0,0.0,0.0
2025-08-27,8.98,8.65,9.06,8.64,905823.0,,-4.208194905869311,002115.SZ,002115,2025-08-27,9.03,-4.208194905869311,0.0,1,3,0.0,0.0,0.0,0.0
2025-08-28,9.0,9.52,9.52,9.0,970856.0,,10.057803468208082,002115.SZ,002115,2025-08-28,8.65,10.057803468208082,0.0,1,3,0.0,0.0,0.0,0.0
2025-08-29,10.12,10.47,10.47,9.95,3421414.0,,9.978991596638664,002115.SZ,002115,2025-08-29,9.52,9.978991596638664,0.0,1,3,0.0,0.0,0.0,0.0
2025-09-01,10.79,11.52,11.52,10.4,4109769.0,,10.028653295128919,002115.SZ,002115,2025-09-01,10.47,10.028653295128919,0.0,1,3,0.0,0.0,0.0,0.0
2025-09-02,11.53,11.0,12.5,10.8,3959046.0,,-4.513888888888884,002115.SZ,002115,2025-09-02,11.52,-4.513888888888884,0.0,1,3,0.0,0.0,0.0,0.0
2025-09-03,11.17,11.45,11.96,10.6,3247275.0,,4.090909090909078,002115.SZ,002115,2025-09-03,11.0,4.090909090909078,0.0,1,3,0.0,0.0,0.0,0.0
2025-09-04,11.0,12.0,12.49,10.31,4029772.0,,4.8034934497816595,002115.SZ,002115,2025-09-04,11.45,4.8034934497816595,0.0,1,3,0.0,0.0,0.0,0.0
2025-09-05,11.33,11.05,11.65,10.8,3103950.0,,-7.916666666666661,002115.SZ,002115,2025-09-05,12.0,-7.916666666666661,0.0,1,3,0.0,0.0,0.0,0.0
2025-09-08,11.01,12.16,12.16,11.01,3002916.0,,10.045248868778266,002115.SZ,002115,2025-09-08,11.05,10.045248868778266,0.0,1,3,0.0,0.0,0.0,0.0
2025-09-09,13.01,12.55,13.38,12.28,4079569.0,,3.2072368421052655,002115.SZ,002115,2025-09-09,12.16,3.2072368421052655,0.0,1,3,0.0,0.0,0.0,0.0
2025-09-10,12.29,13.81,13.81,11.97,3765986.0,,10.039840637450204,002115.SZ,002115,2025-09-10,12.55,10.039840637450204,0.0,1,3,0.0,0.0,0.0,0.0
2025-09-11,13.75,14.2,14.85,13.4,3990527.0,,2.824040550325835,002115.SZ,002115,2025-09-11,13.81,2.824040550325835,0.0,1,3,0.0,0.0,0.0,0.0
2025-09-12,14.09,13.53,14.4,13.4,3017568.0,,-4.718309859154934,002115.SZ,002115,2025-09-12,14.2,-4.718309859154934,0.0,1,3,0.0,0.0,0.0,0.0
2025-09-15,12.98,12.76,13.37,12.53,2451670.0,,-5.691056910569103,002115.SZ,002115,2025-09-15,13.53,-5.691056910569103,0.0,1,3,0.0,0.0,0.0,0.0
2025-09-16,12.5,12.3,12.65,12.2,2037572.0,,-3.6050156739811823,002115.SZ,002115,2025-09-16,12.76,-3.6050156739811823,0.0,1,3,0.0,0.0,0.0,0.0
2025-09-17,12.36,12.06,12.53,12.02,1861072.0,,-1.9512195121951237,002115.SZ,002115,2025-09-17,12.3,-1.9512195121951237,0.0,1,3,0.0,0.0,0.0,0.0
2025-09-18,11.91,11.85,12.25,11.66,1839107.0,,-1.7412935323383172,002115.SZ,002115,2025-09-18,12.06,-1.7412935323383172,0.0,1,3,0.0,0.0,0.0,0.0
2025-09-19,11.79,11.64,12.0,11.48,1281976.0,,-1.7721518987341645,002115.SZ,002115,2025-09-19,11.85,-1.7721518987341645,0.0,1,3,0.0,0.0,0.0,0.0
2025-09-22,11.58,11.53,11.62,11.36,1037452.0,,-0.9450171821305919,002115.SZ,002115,2025-09-22,11.64,-0.9450171821305919,0.0,1,3,0.0,0.0,0.0,0.0
2025-09-23,11.58,11.1,11.61,10.8,1230001.0,,-3.7294015611448406,002115.SZ,002115,2025-09-23,11.53,-3.7294015611448406,0.0,1,3,0.0,0.0,0.0,0.0
2025-09-24,10.95,11.23,11.25,10.83,900692.0,,1.1711711711711814,002115.SZ,002115,2025-09-24,11.1,1.1711711711711814,0.0,1,3,0.0,0.0,0.0,0.0
2025-09-25,11.18,11.01,11.21,11.0,731969.0,,-1.9590382902938575,002115.SZ,002115,2025-09-25,11.23,-1.9590382902938575,0.0,1,3,0.0,0.0,0.0,0.0
2025-09-26,10.94,10.62,10.94,10.62,794834.0,,-3.542234332425076,002115.SZ,002115,2025-09-26,11.01,-3.542234332425076,0.0,1,3,0.0,0.0,0.0,0.0
2025-09-29,10.61,10.77,10.82,10.56,638959.0,,1.412429378531077,002115.SZ,002115,2025-09-29,10.62,1.412429378531077,0.0,1,3,0.0,0.0,0.0,0.0
2025-09-30,10.97,11.23,11.59,10.87,1754645.0,,4.271123491179218,002115.SZ,002115,2025-09-30,10.77,4.271123491179218,0.0,1,3,0.0,0.0,0.0,0.0
2025-10-09,11.09,11.46,11.69,10.94,1515999.0,,2.048085485307216,002115.SZ,002115,2025-10-09,11.23,2.048085485307216,0.0,1,3,0.0,0.0,0.0,0.0
2025-10-10,11.46,11.05,11.49,10.99,901254.0,,-3.5776614310645716,002115.SZ,002115,2025-10-10,11.46,-3.5776614310645716,0.0,1,3,0.0,0.0,0.0,0.0
2025-10-13,10.51,11.21,11.25,10.4,887272.0,,1.4479638009049722,002115.SZ,002115,2025-10-13,11.05,1.4479638009049722,0.0,1,3,0.0,0.0,0.0,0.0
2025-10-14,11.21,11.62,12.09,11.0,1607305.0,,3.6574487065120342,002115.SZ,002115,2025-10-14,11.21,3.6574487065120342,0.0,1,3,0.0,0.0,0.0,0.0
2025-10-15,11.62,11.92,12.13,11.42,1730758.0,,2.581755593803803,002115.SZ,002115,2025-10-15,11.62,2.581755593803803,0.0,1,3,0.0,0.0,0.0,0.0
2025-10-16,11.68,11.38,11.84,11.3,1035112.0,,-4.53020134228187,002115.SZ,002115,2025-10-16,11.92,-4.53020134228187,0.0,1,3,0.0,0.0,0.0,0.0
2025-10-17,11.38,11.59,12.28,11.32,1485949.0,,1.8453427065026284,002115.SZ,002115,2025-10-17,11.38,1.8453427065026284,0.0,1,3,0.0,0.0,0.0,0.0
2025-10-20,11.73,11.96,12.14,11.6,1348160.0,,3.1924072476272825,002115.SZ,002115,2025-10-20,11.59,3.1924072476272825,0.0,1,3,0.0,0.0,0.0,0.0
2025-10-21,11.8,11.8,12.08,11.71,1094726.0,,-1.3377926421404673,002115.SZ,002115,2025-10-21,11.96,-1.3377926421404673,0.0,1,3,0.0,0.0,0.0,0.0
2025-10-22,11.6,12.39,12.98,11.14,2487927.0,,5.000000000000004,002115.SZ,002115,2025-10-22,11.8,5.000000000000004,0.0,1,3,0.0,0.0,0.0,0.0
2025-10-23,12.13,12.16,12.38,11.76,1610801.0,,-1.8563357546408477,002115.SZ,002115,2025-10-23,12.39,-1.8563357546408477,0.0,1,3,0.0,0.0,0.0,0.0
2025-10-24,12.51,12.17,12.81,12.13,1841969.0,,0.0822368421052655,002115.SZ,002115,2025-10-24,12.16,0.0822368421052655,0.0,1,3,0.0,0.0,0.0,0.0
2025-10-27,11.86,11.91,12.15,11.74,1295102.0,,-2.136400986031217,002115.SZ,002115,2025-10-27,12.17,-2.136400986031217,0.0,1,3,0.0,0.0,0.0,0.0
2025-10-28,11.8,11.56,11.98,11.56,1022953.0,,-2.9387069689336687,002115.SZ,002115,2025-10-28,11.91,-2.9387069689336687,0.0,1,3,0.0,0.0,0.0,0.0
2025-10-29,11.46,11.88,12.35,11.28,1359484.0,,2.768166089965396,002115.SZ,002115,2025-10-29,11.56,2.768166089965396,0.0,1,3,0.0,0.0,0.0,0.0
2025-10-30,11.66,11.58,11.99,11.5,1056010.0,,-2.5252525252525304,002115.SZ,002115,2025-10-30,11.88,-2.5252525252525304,0.0,1,3,0.0,0.0,0.0,0.0
2025-10-31,11.47,11.34,11.55,11.33,704833.0,,-2.0725388601036343,002115.SZ,002115,2025-10-31,11.58,-2.0725388601036343,0.0,1,3,0.0,0.0,0.0,0.0
2025-11-03,11.35,11.62,11.67,11.23,762738.0,,2.4691358024691246,002115.SZ,002115,2025-11-03,11.34,2.4691358024691246,0.0,1,3,0.0,0.0,0.0,0.0
2025-11-04,11.51,11.21,11.51,11.18,646598.0,,-3.528399311531827,002115.SZ,002115,2025-11-04,11.62,-3.528399311531827,0.0,1,3,0.0,0.0,0.0,0.0
2025-11-05,11.03,11.31,11.45,11.01,514732.0,,0.8920606601248826,002115.SZ,002115,2025-11-05,11.21,0.8920606601248826,0.0,1,3,0.0,0.0,0.0,0.0
2025-11-06,11.33,11.26,11.56,11.03,635014.0,,-0.4420866489832087,002115.SZ,002115,2025-11-06,11.31,-0.4420866489832087,0.0,1,3,0.0,0.0,0.0,0.0
2025-11-07,11.13,11.46,11.5,11.11,803814.0,,1.7761989342806483,002115.SZ,002115,2025-11-07,11.26,1.7761989342806483,0.0,1,3,0.0,0.0,0.0,0.0
2025-11-10,11.51,11.84,11.88,11.47,1212531.0,,3.315881326352521,002115.SZ,002115,2025-11-10,11.46,3.315881326352521,0.0,1,3,0.0,0.0,0.0,0.0
2025-11-11,11.75,11.64,11.78,11.55,714684.0,,-1.6891891891891886,002115.SZ,002115,2025-11-11,11.84,-1.6891891891891886,0.0,1,3,0.0,0.0,0.0,0.0
2025-11-12,11.65,12.12,12.3,11.33,1392218.0,,4.123711340206171,002115.SZ,002115,2025-11-12,11.64,4.123711340206171,0.0,1,3,0.0,0.0,0.0,0.0
2025-11-13,12.0,12.04,12.36,11.88,1515381.0,,-0.660066006600657,002115.SZ,002115,2025-11-13,12.12,-0.660066006600657,0.0,1,3,0.0,0.0,0.0,0.0
2025-11-14,12.12,12.44,12.95,12.04,2032777.0,,3.322259136212624,002115.SZ,002115,2025-11-14,12.04,3.322259136212624,0.0,1,3,0.0,0.0,0.0,0.0
2025-11-17,12.01,12.23,12.42,11.9,1156085.0,,-1.688102893890664,002115.SZ,002115,2025-11-17,12.44,-1.688102893890664,0.0,1,3,0.0,0.0,0.0,0.0
2025-11-18,12.11,11.71,12.18,11.49,1090483.0,,-4.251839738348318,002115.SZ,002115,2025-11-18,12.23,-4.251839738348318,0.0,1,3,0.0,0.0,0.0,0.0
2025-11-19,11.66,10.97,11.75,10.97,1094139.0,,-6.31938514090521,002115.SZ,002115,2025-11-19,11.71,-6.31938514090521,0.0,1,3,0.0,0.0,0.0,0.0
2025-11-20,10.98,10.72,11.09,10.68,599094.0,,-2.2789425706472244,002115.SZ,002115,2025-11-20,10.97,-2.2789425706472244,0.0,1,3,0.0,0.0,0.0,0.0
2025-11-21,10.58,10.0,10.63,9.98,772417.0,,-6.7164179104477695,002115.SZ,002115,2025-11-21,10.72,-6.7164179104477695,0.0,1,3,0.0,0.0,0.0,0.0
2025-11-24,10.28,10.49,10.57,10.05,790984.0,,4.899999999999993,002115.SZ,002115,2025-11-24,10.0,4.899999999999993,0.0,1,3,0.0,0.0,0.0,0.0
2025-11-25,10.5,10.78,10.96,10.41,689380.0,,2.764537654909427,002115.SZ,002115,2025-11-25,10.49,2.764537654909427,0.0,1,3,0.0,0.0,0.0,0.0
2025-11-26,10.89,10.62,11.02,10.61,553544.0,,-1.4842300556586308,002115.SZ,002115,2025-11-26,10.78,-1.4842300556586308,0.0,1,3,0.0,0.0,0.0,0.0
2025-11-27,10.64,10.53,10.68,10.48,427197.0,,-0.8474576271186418,002115.SZ,002115,2025-11-27,10.62,-0.8474576271186418,0.0,1,3,0.0,0.0,0.0,0.0
2025-11-28,10.55,10.77,10.78,10.53,460355.0,,2.279202279202286,002115.SZ,002115,2025-11-28,10.53,2.279202279202286,0.0,1,3,0.0,0.0,0.0,0.0
2025-12-01,10.76,10.89,11.08,10.7,611741.0,,1.1142061281337101,002115.SZ,002115,2025-12-01,10.77,1.1142061281337101,0.0,1,3,0.0,0.0,0.0,0.0
2025-12-02,10.8,11.0,11.3,10.61,865735.0,,1.0101010101009944,002115.SZ,002115,2025-12-02,10.89,1.0101010101009944,0.0,1,3,0.0,0.0,0.0,0.0
2025-12-03,10.93,10.66,11.0,10.53,744771.0,,-3.0909090909090886,002115.SZ,002115,2025-12-03,11.0,-3.0909090909090886,0.0,1,3,0.0,0.0,0.0,0.0
2025-12-04,10.64,10.8,10.93,10.5,586654.0,,1.3133208255159623,002115.SZ,002115,2025-12-04,10.66,1.3133208255159623,0.0,1,3,0.0,0.0,0.0,0.0
2025-12-05,10.73,11.01,11.1,10.63,676783.0,,1.9444444444444375,002115.SZ,002115,2025-12-05,10.8,1.9444444444444375,0.0,1,3,0.0,0.0,0.0,0.0
2025-12-08,11.13,11.18,11.35,11.06,847772.0,,1.5440508628519423,002115.SZ,002115,2025-12-08,11.01,1.5440508628519423,0.0,1,3,0.0,0.0,0.0,0.0
2025-12-09,11.01,10.98,11.3,10.97,541901.0,,-1.7889087656529412,002115.SZ,002115,2025-12-09,11.18,-1.7889087656529412,0.0,1,3,0.0,0.0,0.0,0.0
2025-12-10,10.89,11.18,11.3,10.77,651374.0,,1.821493624772308,002115.SZ,002115,2025-12-10,10.98,1.821493624772308,0.0,1,3,0.0,0.0,0.0,0.0
2025-12-11,11.23,11.03,11.35,11.01,565665.0,,-1.341681574239717,002115.SZ,002115,2025-12-11,11.18,-1.341681574239717,0.0,1,3,0.0,0.0,0.0,0.0
2025-12-12,10.93,11.04,11.35,10.89,571071.0,,0.09066183136898776,002115.SZ,002115,2025-12-12,11.03,0.09066183136898776,0.0,1,3,0.0,0.0,0.0,0.0
2025-12-15,10.94,12.14,12.14,10.76,1728124.0,,9.96376811594204,002115.SZ,002115,2025-12-15,11.04,9.96376811594204,0.0,1,3,0.0,0.0,0.0,0.0
2025-12-16,12.2,12.07,12.58,11.83,2636064.0,,-0.5766062602965416,002115.SZ,002115,2025-12-16,12.14,-0.5766062602965416,0.0,1,3,0.0,0.0,0.0,0.0
2025-12-17,11.83,12.2,12.41,11.58,1734322.0,,1.0770505385252704,002115.SZ,002115,2025-12-17,12.07,1.0770505385252704,0.0,1,3,0.0,0.0,0.0,0.0
2025-12-18,11.93,12.51,13.36,11.78,2506705.0,,2.54098360655739,002115.SZ,002115,2025-12-18,12.2,2.54098360655739,0.0,1,3,0.0,0.0,0.0,0.0
2025-12-19,12.3,12.33,12.67,12.2,1608493.0,,-1.4388489208633115,002115.SZ,002115,2025-12-19,12.51,-1.4388489208633115,0.0,1,3,0.0,0.0,0.0,0.0
2025-12-22,12.12,11.9,12.17,11.75,1359850.0,,-3.48742903487429,002115.SZ,002115,2025-12-22,12.33,-3.48742903487429,0.0,1,3,0.0,0.0,0.0,0.0
2025-12-23,11.85,10.78,11.9,10.71,1734618.0,,-9.411764705882364,002115.SZ,002115,2025-12-23,11.9,-9.411764705882364,0.0,1,3,0.0,0.0,0.0,0.0
2025-12-24,10.7,11.27,11.5,10.57,1288456.0,,4.545454545454541,002115.SZ,002115,2025-12-24,10.78,4.545454545454541,0.0,1,3,0.0,0.0,0.0,0.0
2025-12-25,11.26,12.4,12.4,11.22,1425193.0,,10.02661934338953,002115.SZ,002115,2025-12-25,11.27,10.02661934338953,0.0,1,3,0.0,0.0,0.0,0.0
2025-12-26,12.5,12.3,12.5,12.05,1726602.0,,-0.8064516129032251,002115.SZ,002115,2025-12-26,12.4,-0.8064516129032251,0.0,1,3,0.0,0.0,0.0,0.0
2025-12-29,12.37,12.25,12.45,12.19,953240.0,,-0.40650406504065817,002115.SZ,002115,2025-12-29,12.3,-0.40650406504065817,0.0,1,3,0.0,0.0,0.0,0.0
2025-12-30,12.26,12.36,12.58,12.1,1277056.0,,0.897959183673458,002115.SZ,002115,2025-12-30,12.25,0.897959183673458,0.0,1,3,0.0,0.0,0.0,0.0
2025-12-31,12.33,12.74,12.82,12.26,1672064.0,,3.0744336569579422,002115.SZ,002115,2025-12-31,12.36,3.0744336569579422,0.0,1,3,0.0,0.0,0.0,0.0
