date,open,close,low,high,volume,amount,change_pct,stock_code,code,trade_date,preclose,pctChg,turn,tradestatus,adjustflag,peTTM,pbMRQ,psTTM,pcfNcfTTM
2020-01-02,2.961,2.981,3.001,2.951,441586.0,,,600170.SH,600170,2020-01-02,,,0.0,1,3,0.0,0.0,0.0,0.0
2020-01-03,2.991,2.981,3.001,2.971,300855.0,,0.0,600170.SH,600170,2020-01-03,2.981,0.0,0.0,1,3,0.0,0.0,0.0,0.0
2020-01-06,2.971,2.991,3.021,2.961,337263.0,,0.3354579000335533,600170.SH,600170,2020-01-06,2.981,0.3354579000335533,0.0,1,3,0.0,0.0,0.0,0.0
2020-01-07,2.991,3.001,3.001,2.981,186023.0,,0.3343363423603973,600170.SH,600170,2020-01-07,2.991,0.3343363423603973,0.0,1,3,0.0,0.0,0.0,0.0
2020-01-08,2.981,2.971,3.001,2.961,318488.0,,-0.9996667777407486,600170.SH,600170,2020-01-08,3.001,-0.9996667777407486,0.0,1,3,0.0,0.0,0.0,0.0
2020-01-09,3.021,3.021,3.071,2.981,377962.0,,1.6829350387074893,600170.SH,600170,2020-01-09,2.971,1.6829350387074893,0.0,1,3,0.0,0.0,0.0,0.0
2020-01-10,3.011,3.011,3.021,2.981,233500.0,,-0.3310162197947663,600170.SH,600170,2020-01-10,3.021,-0.3310162197947663,0.0,1,3,0.0,0.0,0.0,0.0
2020-01-13,3.011,3.001,3.011,2.981,218861.0,,-0.3321155762205374,600170.SH,600170,2020-01-13,3.011,-0.3321155762205374,0.0,1,3,0.0,0.0,0.0,0.0
2020-01-14,2.991,2.991,3.011,2.981,189418.0,,-0.3332222592469125,600170.SH,600170,2020-01-14,3.001,-0.3332222592469125,0.0,1,3,0.0,0.0,0.0,0.0
2020-01-15,2.991,2.951,2.991,2.941,251996.0,,-1.337345369441656,600170.SH,600170,2020-01-15,2.991,-1.337345369441656,0.0,1,3,0.0,0.0,0.0,0.0
2020-01-16,2.951,2.941,2.961,2.921,269545.0,,-0.3388681802778848,600170.SH,600170,2020-01-16,2.951,-0.3388681802778848,0.0,1,3,0.0,0.0,0.0,0.0
2020-01-17,2.941,2.921,2.951,2.911,186102.0,,-0.6800408024481452,600170.SH,600170,2020-01-17,2.941,-0.6800408024481452,0.0,1,3,0.0,0.0,0.0,0.0
2020-01-20,2.921,2.911,2.931,2.901,185232.0,,-0.3423485107839741,600170.SH,600170,2020-01-20,2.921,-0.3423485107839741,0.0,1,3,0.0,0.0,0.0,0.0
2020-01-21,2.911,2.861,2.921,2.861,247840.0,,-1.7176228100309163,600170.SH,600170,2020-01-21,2.911,-1.7176228100309163,0.0,1,3,0.0,0.0,0.0,0.0
2020-01-22,2.861,2.841,2.861,2.811,283119.0,,-0.6990562740300632,600170.SH,600170,2020-01-22,2.861,-0.6990562740300632,0.0,1,3,0.0,0.0,0.0,0.0
2020-01-23,2.831,2.781,2.841,2.761,292139.0,,-2.111932418162621,600170.SH,600170,2020-01-23,2.841,-2.111932418162621,0.0,1,3,0.0,0.0,0.0,0.0
2020-02-03,2.451,2.441,2.481,2.441,355711.0,,-12.225818051060775,600170.SH,600170,2020-02-03,2.781,-12.225818051060775,0.0,1,3,0.0,0.0,0.0,0.0
2020-02-04,2.381,2.471,2.481,2.311,436819.0,,1.2290045063498622,600170.SH,600170,2020-02-04,2.441,1.2290045063498622,0.0,1,3,0.0,0.0,0.0,0.0
2020-02-05,2.471,2.491,2.531,2.451,334025.0,,0.8093889113719221,600170.SH,600170,2020-02-05,2.471,0.8093889113719221,0.0,1,3,0.0,0.0,0.0,0.0
2020-02-06,2.501,2.531,2.541,2.451,345757.0,,1.6057808109193106,600170.SH,600170,2020-02-06,2.491,1.6057808109193106,0.0,1,3,0.0,0.0,0.0,0.0
2020-02-07,2.511,2.501,2.521,2.471,288152.0,,-1.185302252074294,600170.SH,600170,2020-02-07,2.531,-1.185302252074294,0.0,1,3,0.0,0.0,0.0,0.0
2020-02-10,2.491,2.521,2.531,2.481,319702.0,,0.7996801279488208,600170.SH,600170,2020-02-10,2.501,0.7996801279488208,0.0,1,3,0.0,0.0,0.0,0.0
2020-02-11,2.521,2.531,2.561,2.511,259258.0,,0.3966679888933067,600170.SH,600170,2020-02-11,2.521,0.3966679888933067,0.0,1,3,0.0,0.0,0.0,0.0
2020-02-12,2.541,2.531,2.551,2.521,278439.0,,0.0,600170.SH,600170,2020-02-12,2.531,0.0,0.0,1,3,0.0,0.0,0.0,0.0
2020-02-13,2.531,2.531,2.581,2.521,404638.0,,0.0,600170.SH,600170,2020-02-13,2.531,0.0,0.0,1,3,0.0,0.0,0.0,0.0
2020-02-14,2.571,2.581,2.681,2.561,630243.0,,1.97550375345712,600170.SH,600170,2020-02-14,2.531,1.97550375345712,0.0,1,3,0.0,0.0,0.0,0.0
2020-02-17,2.571,2.641,2.651,2.571,398785.0,,2.324680356450992,600170.SH,600170,2020-02-17,2.581,2.324680356450992,0.0,1,3,0.0,0.0,0.0,0.0
2020-02-18,2.631,2.641,2.671,2.631,294933.0,,0.0,600170.SH,600170,2020-02-18,2.641,0.0,0.0,1,3,0.0,0.0,0.0,0.0
2020-02-19,2.641,2.651,2.681,2.631,322295.0,,0.3786444528587562,600170.SH,600170,2020-02-19,2.641,0.3786444528587562,0.0,1,3,0.0,0.0,0.0,0.0
2020-02-20,2.661,2.721,2.731,2.651,351347.0,,2.640513013957002,600170.SH,600170,2020-02-20,2.651,2.640513013957002,0.0,1,3,0.0,0.0,0.0,0.0
2020-02-21,2.731,2.711,2.741,2.691,401478.0,,-0.367511944138188,600170.SH,600170,2020-02-21,2.721,-0.367511944138188,0.0,1,3,0.0,0.0,0.0,0.0
2020-02-24,2.711,2.751,2.801,2.631,655230.0,,1.4754703061600871,600170.SH,600170,2020-02-24,2.711,1.4754703061600871,0.0,1,3,0.0,0.0,0.0,0.0
2020-02-25,2.691,2.681,2.711,2.641,451257.0,,-2.5445292620865034,600170.SH,600170,2020-02-25,2.751,-2.5445292620865034,0.0,1,3,0.0,0.0,0.0,0.0
2020-02-26,2.661,2.761,2.821,2.641,953595.0,,2.983961208504282,600170.SH,600170,2020-02-26,2.681,2.983961208504282,0.0,1,3,0.0,0.0,0.0,0.0
2020-02-27,2.771,2.761,2.821,2.741,524159.0,,0.0,600170.SH,600170,2020-02-27,2.761,0.0,0.0,1,3,0.0,0.0,0.0,0.0
2020-02-28,2.701,2.751,2.811,2.651,736975.0,,-0.3621876131836399,600170.SH,600170,2020-02-28,2.761,-0.3621876131836399,0.0,1,3,0.0,0.0,0.0,0.0
2020-03-02,2.751,3.001,3.001,2.731,1385277.0,,9.087604507451829,600170.SH,600170,2020-03-02,2.751,9.087604507451829,0.0,1,3,0.0,0.0,0.0,0.0
2020-03-03,3.061,2.971,3.111,2.951,1232404.0,,-0.9996667777407486,600170.SH,600170,2020-03-03,3.001,-0.9996667777407486,0.0,1,3,0.0,0.0,0.0,0.0
2020-03-04,2.961,3.021,3.041,2.941,686876.0,,1.6829350387074893,600170.SH,600170,2020-03-04,2.971,1.6829350387074893,0.0,1,3,0.0,0.0,0.0,0.0
2020-03-05,3.061,3.021,3.071,3.001,629316.0,,0.0,600170.SH,600170,2020-03-05,3.021,0.0,0.0,1,3,0.0,0.0,0.0,0.0
2020-03-06,2.991,2.951,3.041,2.931,604142.0,,-2.3171135385633868,600170.SH,600170,2020-03-06,3.021,-2.3171135385633868,0.0,1,3,0.0,0.0,0.0,0.0
2020-03-09,2.901,2.831,2.941,2.821,532539.0,,-4.066418163334462,600170.SH,600170,2020-03-09,2.951,-4.066418163334462,0.0,1,3,0.0,0.0,0.0,0.0
2020-03-10,2.781,2.891,2.911,2.781,544550.0,,2.119392440833634,600170.SH,600170,2020-03-10,2.831,2.119392440833634,0.0,1,3,0.0,0.0,0.0,0.0
2020-03-11,2.891,2.851,2.911,2.841,377577.0,,-1.3836042891733014,600170.SH,600170,2020-03-11,2.891,-1.3836042891733014,0.0,1,3,0.0,0.0,0.0,0.0
2020-03-12,2.831,2.791,2.881,2.781,367985.0,,-2.1045247281655577,600170.SH,600170,2020-03-12,2.851,-2.1045247281655577,0.0,1,3,0.0,0.0,0.0,0.0
2020-03-13,2.701,2.731,2.771,2.631,485765.0,,-2.1497671085632386,600170.SH,600170,2020-03-13,2.791,-2.1497671085632386,0.0,1,3,0.0,0.0,0.0,0.0
2020-03-16,2.761,2.631,2.771,2.621,432178.0,,-3.661662394727205,600170.SH,600170,2020-03-16,2.731,-3.661662394727205,0.0,1,3,0.0,0.0,0.0,0.0
2020-03-17,2.631,2.631,2.691,2.571,363246.0,,0.0,600170.SH,600170,2020-03-17,2.631,0.0,0.0,1,3,0.0,0.0,0.0,0.0
2020-03-18,2.661,2.591,2.681,2.581,321677.0,,-1.5203344735841728,600170.SH,600170,2020-03-18,2.631,-1.5203344735841728,0.0,1,3,0.0,0.0,0.0,0.0
2020-03-19,2.571,2.531,2.611,2.511,477645.0,,-2.31570822076419,600170.SH,600170,2020-03-19,2.591,-2.31570822076419,0.0,1,3,0.0,0.0,0.0,0.0
2020-03-20,2.561,2.581,2.591,2.541,357971.0,,1.97550375345712,600170.SH,600170,2020-03-20,2.531,1.97550375345712,0.0,1,3,0.0,0.0,0.0,0.0
2020-03-23,2.541,2.521,2.561,2.501,275615.0,,-2.324680356450992,600170.SH,600170,2020-03-23,2.581,-2.324680356450992,0.0,1,3,0.0,0.0,0.0,0.0
2020-03-24,2.551,2.561,2.581,2.521,220147.0,,1.5866719555731823,600170.SH,600170,2020-03-24,2.521,1.5866719555731823,0.0,1,3,0.0,0.0,0.0,0.0
2020-03-25,2.631,2.621,2.641,2.601,257604.0,,2.34283483014448,600170.SH,600170,2020-03-25,2.561,2.34283483014448,0.0,1,3,0.0,0.0,0.0,0.0
2020-03-26,2.611,2.571,2.621,2.571,240798.0,,-1.9076688286913333,600170.SH,600170,2020-03-26,2.621,-1.9076688286913333,0.0,1,3,0.0,0.0,0.0,0.0
2020-03-27,2.611,2.631,2.701,2.591,417669.0,,2.333722287047824,600170.SH,600170,2020-03-27,2.571,2.333722287047824,0.0,1,3,0.0,0.0,0.0,0.0
2020-03-30,2.601,2.631,2.671,2.591,307122.0,,0.0,600170.SH,600170,2020-03-30,2.631,0.0,0.0,1,3,0.0,0.0,0.0,0.0
2020-03-31,2.661,2.611,2.681,2.601,413749.0,,-0.7601672367920753,600170.SH,600170,2020-03-31,2.631,-0.7601672367920753,0.0,1,3,0.0,0.0,0.0,0.0
2020-04-01,2.601,2.591,2.641,2.571,222261.0,,-0.7659900421294497,600170.SH,600170,2020-04-01,2.611,-0.7659900421294497,0.0,1,3,0.0,0.0,0.0,0.0
2020-04-02,2.571,2.611,2.611,2.561,207105.0,,0.7719027402547374,600170.SH,600170,2020-04-02,2.591,0.7719027402547374,0.0,1,3,0.0,0.0,0.0,0.0
2020-04-03,2.601,2.571,2.611,2.561,132259.0,,-1.5319800842589104,600170.SH,600170,2020-04-03,2.611,-1.5319800842589104,0.0,1,3,0.0,0.0,0.0,0.0
2020-04-07,2.621,2.631,2.641,2.591,301448.0,,2.333722287047824,600170.SH,600170,2020-04-07,2.571,2.333722287047824,0.0,1,3,0.0,0.0,0.0,0.0
2020-04-08,2.611,2.631,2.641,2.601,192182.0,,0.0,600170.SH,600170,2020-04-08,2.631,0.0,0.0,1,3,0.0,0.0,0.0,0.0
2020-04-09,2.641,2.631,2.651,2.621,142217.0,,0.0,600170.SH,600170,2020-04-09,2.631,0.0,0.0,1,3,0.0,0.0,0.0,0.0
2020-04-10,2.641,2.611,2.641,2.601,148098.0,,-0.7601672367920753,600170.SH,600170,2020-04-10,2.631,-0.7601672367920753,0.0,1,3,0.0,0.0,0.0,0.0
2020-04-13,2.601,2.581,2.611,2.571,131563.0,,-1.1489850631941856,600170.SH,600170,2020-04-13,2.611,-1.1489850631941856,0.0,1,3,0.0,0.0,0.0,0.0
2020-04-14,2.591,2.621,2.621,2.581,146908.0,,1.549786904300654,600170.SH,600170,2020-04-14,2.581,1.549786904300654,0.0,1,3,0.0,0.0,0.0,0.0
2020-04-15,2.621,2.631,2.691,2.601,289848.0,,0.3815337657382622,600170.SH,600170,2020-04-15,2.621,0.3815337657382622,0.0,1,3,0.0,0.0,0.0,0.0
2020-04-16,2.631,2.641,2.661,2.611,190162.0,,0.3800836183960543,600170.SH,600170,2020-04-16,2.631,0.3800836183960543,0.0,1,3,0.0,0.0,0.0,0.0
2020-04-17,2.651,2.681,2.711,2.631,402651.0,,1.5145778114350694,600170.SH,600170,2020-04-17,2.641,1.5145778114350694,0.0,1,3,0.0,0.0,0.0,0.0
2020-04-20,2.711,2.711,2.751,2.691,453464.0,,1.118985453189092,600170.SH,600170,2020-04-20,2.681,1.118985453189092,0.0,1,3,0.0,0.0,0.0,0.0
2020-04-21,2.701,2.691,2.711,2.641,344906.0,,-0.7377351530800436,600170.SH,600170,2020-04-21,2.711,-0.7377351530800436,0.0,1,3,0.0,0.0,0.0,0.0
2020-04-22,2.701,2.741,2.771,2.691,505552.0,,1.8580453363062244,600170.SH,600170,2020-04-22,2.691,1.8580453363062244,0.0,1,3,0.0,0.0,0.0,0.0
2020-04-23,2.781,2.751,2.791,2.731,390560.0,,0.3648303538854369,600170.SH,600170,2020-04-23,2.741,0.3648303538854369,0.0,1,3,0.0,0.0,0.0,0.0
2020-04-24,2.731,2.701,2.741,2.701,271542.0,,-1.817520901490366,600170.SH,600170,2020-04-24,2.751,-1.817520901490366,0.0,1,3,0.0,0.0,0.0,0.0
2020-04-27,2.721,2.721,2.751,2.701,208538.0,,0.7404664938911454,600170.SH,600170,2020-04-27,2.701,0.7404664938911454,0.0,1,3,0.0,0.0,0.0,0.0
2020-04-28,2.711,2.701,2.721,2.631,307679.0,,-0.7350238882763649,600170.SH,600170,2020-04-28,2.721,-0.7350238882763649,0.0,1,3,0.0,0.0,0.0,0.0
2020-04-29,2.691,2.691,2.721,2.681,193773.0,,-0.3702332469455838,600170.SH,600170,2020-04-29,2.701,-0.3702332469455838,0.0,1,3,0.0,0.0,0.0,0.0
2020-04-30,2.661,2.691,2.701,2.651,413948.0,,0.0,600170.SH,600170,2020-04-30,2.691,0.0,0.0,1,3,0.0,0.0,0.0,0.0
2020-05-06,2.661,2.671,2.691,2.651,388936.0,,-0.7432181345224831,600170.SH,600170,2020-05-06,2.691,-0.7432181345224831,0.0,1,3,0.0,0.0,0.0,0.0
2020-05-07,2.661,2.641,2.671,2.621,295293.0,,-1.1231748408835562,600170.SH,600170,2020-05-07,2.671,-1.1231748408835562,0.0,1,3,0.0,0.0,0.0,0.0
2020-05-08,2.641,2.641,2.661,2.641,228172.0,,0.0,600170.SH,600170,2020-05-08,2.641,0.0,0.0,1,3,0.0,0.0,0.0,0.0
2020-05-11,2.641,2.621,2.651,2.611,289725.0,,-0.7572889057175347,600170.SH,600170,2020-05-11,2.641,-0.7572889057175347,0.0,1,3,0.0,0.0,0.0,0.0
2020-05-12,2.631,2.581,2.631,2.581,279199.0,,-1.5261350629530712,600170.SH,600170,2020-05-12,2.621,-1.5261350629530712,0.0,1,3,0.0,0.0,0.0,0.0
2020-05-13,2.581,2.591,2.601,2.561,166098.0,,0.3874467260751801,600170.SH,600170,2020-05-13,2.581,0.3874467260751801,0.0,1,3,0.0,0.0,0.0,0.0
2020-05-14,2.591,2.571,2.591,2.571,164450.0,,-0.7719027402547263,600170.SH,600170,2020-05-14,2.591,-0.7719027402547263,0.0,1,3,0.0,0.0,0.0,0.0
2020-05-15,2.581,2.571,2.591,2.571,122461.0,,0.0,600170.SH,600170,2020-05-15,2.571,0.0,0.0,1,3,0.0,0.0,0.0,0.0
2020-05-18,2.581,2.581,2.611,2.581,204323.0,,0.3889537145079558,600170.SH,600170,2020-05-18,2.571,0.3889537145079558,0.0,1,3,0.0,0.0,0.0,0.0
2020-05-19,2.601,2.581,2.611,2.571,199374.0,,0.0,600170.SH,600170,2020-05-19,2.581,0.0,0.0,1,3,0.0,0.0,0.0,0.0
2020-05-20,2.581,2.551,2.581,2.541,188155.0,,-1.162340178225485,600170.SH,600170,2020-05-20,2.581,-1.162340178225485,0.0,1,3,0.0,0.0,0.0,0.0
2020-05-21,2.561,2.521,2.561,2.511,226933.0,,-1.1760094080752737,600170.SH,600170,2020-05-21,2.551,-1.1760094080752737,0.0,1,3,0.0,0.0,0.0,0.0
2020-05-22,2.521,2.481,2.531,2.481,171433.0,,-1.5866719555731823,600170.SH,600170,2020-05-22,2.521,-1.5866719555731823,0.0,1,3,0.0,0.0,0.0,0.0
2020-05-25,2.491,2.481,2.511,2.461,136207.0,,0.0,600170.SH,600170,2020-05-25,2.481,0.0,0.0,1,3,0.0,0.0,0.0,0.0
2020-05-26,2.471,2.481,2.491,2.471,180712.0,,0.0,600170.SH,600170,2020-05-26,2.481,0.0,0.0,1,3,0.0,0.0,0.0,0.0
2020-05-27,2.481,2.471,2.491,2.471,90565.0,,-0.4030632809351009,600170.SH,600170,2020-05-27,2.481,-0.4030632809351009,0.0,1,3,0.0,0.0,0.0,0.0
2020-05-28,2.481,2.501,2.521,2.471,151039.0,,1.214083367057861,600170.SH,600170,2020-05-28,2.471,1.214083367057861,0.0,1,3,0.0,0.0,0.0,0.0
2020-05-29,2.501,2.491,2.501,2.471,257271.0,,-0.3998400639743993,600170.SH,600170,2020-05-29,2.501,-0.3998400639743993,0.0,1,3,0.0,0.0,0.0,0.0
2020-06-01,2.491,2.531,2.531,2.481,242645.0,,1.6057808109193106,600170.SH,600170,2020-06-01,2.491,1.6057808109193106,0.0,1,3,0.0,0.0,0.0,0.0
2020-06-02,2.521,2.531,2.531,2.511,218405.0,,0.0,600170.SH,600170,2020-06-02,2.531,0.0,0.0,1,3,0.0,0.0,0.0,0.0
2020-06-03,2.521,2.511,2.541,2.511,213042.0,,-0.7902015013828478,600170.SH,600170,2020-06-03,2.531,-0.7902015013828478,0.0,1,3,0.0,0.0,0.0,0.0
2020-06-04,2.521,2.491,2.521,2.491,126570.0,,-0.796495420151333,600170.SH,600170,2020-06-04,2.511,-0.796495420151333,0.0,1,3,0.0,0.0,0.0,0.0
2020-06-05,2.501,2.511,2.511,2.491,170393.0,,0.8028904054596664,600170.SH,600170,2020-06-05,2.491,0.8028904054596664,0.0,1,3,0.0,0.0,0.0,0.0
2020-06-08,2.521,2.511,2.521,2.501,170529.0,,0.0,600170.SH,600170,2020-06-08,2.511,0.0,0.0,1,3,0.0,0.0,0.0,0.0
2020-06-09,2.511,2.501,2.511,2.501,92448.0,,-0.398247710075672,600170.SH,600170,2020-06-09,2.511,-0.398247710075672,0.0,1,3,0.0,0.0,0.0,0.0
2020-06-10,2.491,2.491,2.501,2.481,147736.0,,-0.3998400639743993,600170.SH,600170,2020-06-10,2.501,-0.3998400639743993,0.0,1,3,0.0,0.0,0.0,0.0
2020-06-11,2.481,2.501,2.501,2.481,139276.0,,0.4014452027298221,600170.SH,600170,2020-06-11,2.491,0.4014452027298221,0.0,1,3,0.0,0.0,0.0,0.0
2020-06-12,2.481,2.481,2.491,2.461,203574.0,,-0.7996801279488208,600170.SH,600170,2020-06-12,2.501,-0.7996801279488208,0.0,1,3,0.0,0.0,0.0,0.0
2020-06-15,2.481,2.461,2.481,2.461,177432.0,,-0.8061265618702129,600170.SH,600170,2020-06-15,2.481,-0.8061265618702129,0.0,1,3,0.0,0.0,0.0,0.0
2020-06-16,2.471,2.471,2.481,2.461,174817.0,,0.4063388866314632,600170.SH,600170,2020-06-16,2.461,0.4063388866314632,0.0,1,3,0.0,0.0,0.0,0.0
2020-06-17,2.481,2.471,2.481,2.461,122361.0,,0.0,600170.SH,600170,2020-06-17,2.471,0.0,0.0,1,3,0.0,0.0,0.0,0.0
2020-06-18,2.471,2.481,2.501,2.461,188437.0,,0.4046944556859388,600170.SH,600170,2020-06-18,2.471,0.4046944556859388,0.0,1,3,0.0,0.0,0.0,0.0
2020-06-19,2.491,2.511,2.521,2.481,249412.0,,1.209189842805336,600170.SH,600170,2020-06-19,2.481,1.209189842805336,0.0,1,3,0.0,0.0,0.0,0.0
2020-06-22,2.521,2.491,2.521,2.491,178424.0,,-0.796495420151333,600170.SH,600170,2020-06-22,2.511,-0.796495420151333,0.0,1,3,0.0,0.0,0.0,0.0
2020-06-23,2.501,2.481,2.501,2.481,148307.0,,-0.4014452027298332,600170.SH,600170,2020-06-23,2.491,-0.4014452027298332,0.0,1,3,0.0,0.0,0.0,0.0
2020-06-24,2.491,2.481,2.501,2.471,115943.0,,0.0,600170.SH,600170,2020-06-24,2.481,0.0,0.0,1,3,0.0,0.0,0.0,0.0
2020-06-29,2.481,2.461,2.491,2.451,204735.0,,-0.8061265618702129,600170.SH,600170,2020-06-29,2.481,-0.8061265618702129,0.0,1,3,0.0,0.0,0.0,0.0
2020-06-30,2.471,2.471,2.481,2.461,164861.0,,0.4063388866314632,600170.SH,600170,2020-06-30,2.461,0.4063388866314632,0.0,1,3,0.0,0.0,0.0,0.0
2020-07-01,2.471,2.481,2.491,2.461,237185.0,,0.4046944556859388,600170.SH,600170,2020-07-01,2.471,0.4046944556859388,0.0,1,3,0.0,0.0,0.0,0.0
2020-07-02,2.481,2.541,2.541,2.471,403838.0,,2.41837968561065,600170.SH,600170,2020-07-02,2.481,2.41837968561065,0.0,1,3,0.0,0.0,0.0,0.0
2020-07-03,2.551,2.601,2.621,2.551,515877.0,,2.3612750885478206,600170.SH,600170,2020-07-03,2.541,2.3612750885478206,0.0,1,3,0.0,0.0,0.0,0.0
2020-07-06,2.641,2.761,2.761,2.631,889504.0,,6.1514801999231095,600170.SH,600170,2020-07-06,2.601,6.1514801999231095,0.0,1,3,0.0,0.0,0.0,0.0
2020-07-07,2.801,2.711,2.851,2.711,804887.0,,-1.810938065918155,600170.SH,600170,2020-07-07,2.761,-1.810938065918155,0.0,1,3,0.0,0.0,0.0,0.0
2020-07-08,2.711,2.751,2.761,2.681,634907.0,,1.4754703061600871,600170.SH,600170,2020-07-08,2.711,1.4754703061600871,0.0,1,3,0.0,0.0,0.0,0.0
2020-07-09,2.751,2.761,2.771,2.721,620534.0,,0.3635041802980909,600170.SH,600170,2020-07-09,2.751,0.3635041802980909,0.0,1,3,0.0,0.0,0.0,0.0
2020-07-10,2.751,2.721,2.771,2.701,601811.0,,-1.4487504527345152,600170.SH,600170,2020-07-10,2.761,-1.4487504527345152,0.0,1,3,0.0,0.0,0.0,0.0
2020-07-13,2.721,2.791,2.801,2.711,591059.0,,2.5725836089672827,600170.SH,600170,2020-07-13,2.721,2.5725836089672827,0.0,1,3,0.0,0.0,0.0,0.0
2020-07-14,2.811,2.771,2.831,2.751,554045.0,,-0.7165890361877425,600170.SH,600170,2020-07-14,2.791,-0.7165890361877425,0.0,1,3,0.0,0.0,0.0,0.0
2020-07-15,2.781,2.731,2.791,2.711,481353.0,,-1.4435221941537346,600170.SH,600170,2020-07-15,2.771,-1.4435221941537346,0.0,1,3,0.0,0.0,0.0,0.0
2020-07-16,2.761,2.661,2.761,2.661,574857.0,"{'nd': '2019', 'fh_sh': '1.4', 'djr': '2020-07-15', 'cqr': '2020-07-16', 'FHcontent': '10派1.4元'}",-2.563163676309044,600170.SH,600170,2020-07-16,2.731,-2.563163676309044,0.0,1,3,0.0,0.0,0.0,0.0
2020-07-17,2.661,2.691,2.701,2.621,421895.0,,1.1273957158962622,600170.SH,600170,2020-07-17,2.661,1.1273957158962622,0.0,1,3,0.0,0.0,0.0,0.0
2020-07-20,2.701,2.761,2.761,2.691,414462.0,,2.6012634708286964,600170.SH,600170,2020-07-20,2.691,2.6012634708286964,0.0,1,3,0.0,0.0,0.0,0.0
2020-07-21,2.761,2.751,2.791,2.741,258769.0,,-0.3621876131836399,600170.SH,600170,2020-07-21,2.761,-0.3621876131836399,0.0,1,3,0.0,0.0,0.0,0.0
2020-07-22,2.761,2.741,2.781,2.731,316167.0,,-0.3635041802980687,600170.SH,600170,2020-07-22,2.751,-0.3635041802980687,0.0,1,3,0.0,0.0,0.0,0.0
2020-07-23,2.731,2.741,2.761,2.661,439230.0,,0.0,600170.SH,600170,2020-07-23,2.741,0.0,0.0,1,3,0.0,0.0,0.0,0.0
2020-07-24,2.731,2.661,2.751,2.641,330817.0,,-2.918642831083551,600170.SH,600170,2020-07-24,2.741,-2.918642831083551,0.0,1,3,0.0,0.0,0.0,0.0
2020-07-27,2.671,2.631,2.671,2.611,265808.0,,-1.1273957158962844,600170.SH,600170,2020-07-27,2.661,-1.1273957158962844,0.0,1,3,0.0,0.0,0.0,0.0
2020-07-28,2.641,2.641,2.661,2.631,165218.0,,0.3800836183960543,600170.SH,600170,2020-07-28,2.631,0.3800836183960543,0.0,1,3,0.0,0.0,0.0,0.0
2020-07-29,2.641,2.671,2.681,2.621,219940.0,,1.135933358576291,600170.SH,600170,2020-07-29,2.641,1.135933358576291,0.0,1,3,0.0,0.0,0.0,0.0
2020-07-30,2.671,2.681,2.691,2.661,190934.0,,0.3743916136278669,600170.SH,600170,2020-07-30,2.671,0.3743916136278669,0.0,1,3,0.0,0.0,0.0,0.0
2020-07-31,2.671,2.661,2.691,2.651,283072.0,,-0.7459903021260761,600170.SH,600170,2020-07-31,2.681,-0.7459903021260761,0.0,1,3,0.0,0.0,0.0,0.0
2020-08-03,2.671,2.691,2.691,2.661,327010.0,,1.1273957158962622,600170.SH,600170,2020-08-03,2.661,1.1273957158962622,0.0,1,3,0.0,0.0,0.0,0.0
2020-08-04,2.691,2.711,2.721,2.671,378218.0,,0.743218134522472,600170.SH,600170,2020-08-04,2.691,0.743218134522472,0.0,1,3,0.0,0.0,0.0,0.0
2020-08-05,2.701,2.691,2.711,2.671,250620.0,,-0.7377351530800436,600170.SH,600170,2020-08-05,2.711,-0.7377351530800436,0.0,1,3,0.0,0.0,0.0,0.0
2020-08-06,2.691,2.671,2.701,2.641,287996.0,,-0.7432181345224831,600170.SH,600170,2020-08-06,2.691,-0.7432181345224831,0.0,1,3,0.0,0.0,0.0,0.0
2020-08-07,2.671,2.641,2.671,2.631,249702.0,,-1.1231748408835562,600170.SH,600170,2020-08-07,2.671,-1.1231748408835562,0.0,1,3,0.0,0.0,0.0,0.0
2020-08-10,2.641,2.701,2.721,2.641,523153.0,,2.271866717152604,600170.SH,600170,2020-08-10,2.641,2.271866717152604,0.0,1,3,0.0,0.0,0.0,0.0
2020-08-11,2.711,2.681,2.731,2.671,361517.0,,-0.7404664938911565,600170.SH,600170,2020-08-11,2.701,-0.7404664938911565,0.0,1,3,0.0,0.0,0.0,0.0
2020-08-12,2.681,2.691,2.721,2.641,492831.0,,0.372995151063038,600170.SH,600170,2020-08-12,2.681,0.372995151063038,0.0,1,3,0.0,0.0,0.0,0.0
2020-08-13,2.691,2.701,2.721,2.691,289517.0,,0.3716090672612582,600170.SH,600170,2020-08-13,2.691,0.3716090672612582,0.0,1,3,0.0,0.0,0.0,0.0
2020-08-14,2.701,2.731,2.731,2.691,327285.0,,1.1106997408367292,600170.SH,600170,2020-08-14,2.701,1.1106997408367292,0.0,1,3,0.0,0.0,0.0,0.0
2020-08-17,2.741,2.761,2.781,2.721,520476.0,,1.0984987184181616,600170.SH,600170,2020-08-17,2.731,1.0984987184181616,0.0,1,3,0.0,0.0,0.0,0.0
2020-08-18,2.761,2.731,2.771,2.721,346521.0,,-1.0865628395508975,600170.SH,600170,2020-08-18,2.761,-1.0865628395508975,0.0,1,3,0.0,0.0,0.0,0.0
2020-08-19,2.741,2.741,2.781,2.731,398868.0,,0.3661662394727205,600170.SH,600170,2020-08-19,2.731,0.3661662394727205,0.0,1,3,0.0,0.0,0.0,0.0
2020-08-20,2.731,2.711,2.741,2.701,309261.0,,-1.094491061656344,600170.SH,600170,2020-08-20,2.741,-1.094491061656344,0.0,1,3,0.0,0.0,0.0,0.0
2020-08-21,2.721,2.721,2.731,2.701,179557.0,,0.3688675765400218,600170.SH,600170,2020-08-21,2.711,0.3688675765400218,0.0,1,3,0.0,0.0,0.0,0.0
2020-08-24,2.731,2.711,2.741,2.701,229178.0,,-0.367511944138188,600170.SH,600170,2020-08-24,2.721,-0.367511944138188,0.0,1,3,0.0,0.0,0.0,0.0
2020-08-25,2.721,2.691,2.731,2.681,218301.0,,-0.7377351530800436,600170.SH,600170,2020-08-25,2.711,-0.7377351530800436,0.0,1,3,0.0,0.0,0.0,0.0
2020-08-26,2.691,2.651,2.701,2.651,210493.0,,-1.4864362690449662,600170.SH,600170,2020-08-26,2.691,-1.4864362690449662,0.0,1,3,0.0,0.0,0.0,0.0
2020-08-27,2.791,2.911,2.961,2.791,2347659.0,,9.807619766126008,600170.SH,600170,2020-08-27,2.651,9.807619766126008,0.0,1,3,0.0,0.0,0.0,0.0
2020-08-28,2.761,2.761,2.781,2.721,1544898.0,,-5.15286843009275,600170.SH,600170,2020-08-28,2.911,-5.15286843009275,0.0,1,3,0.0,0.0,0.0,0.0
2020-08-31,2.771,2.721,2.781,2.721,747111.0,,-1.4487504527345152,600170.SH,600170,2020-08-31,2.761,-1.4487504527345152,0.0,1,3,0.0,0.0,0.0,0.0
2020-09-01,2.721,2.701,2.731,2.691,431765.0,,-0.7350238882763649,600170.SH,600170,2020-09-01,2.721,-0.7350238882763649,0.0,1,3,0.0,0.0,0.0,0.0
2020-09-02,2.711,2.701,2.731,2.701,349379.0,,0.0,600170.SH,600170,2020-09-02,2.701,0.0,0.0,1,3,0.0,0.0,0.0,0.0
2020-09-03,2.721,2.711,2.731,2.701,291275.0,,0.3702332469455616,600170.SH,600170,2020-09-03,2.701,0.3702332469455616,0.0,1,3,0.0,0.0,0.0,0.0
2020-09-04,2.691,2.711,2.711,2.671,197684.0,,0.0,600170.SH,600170,2020-09-04,2.711,0.0,0.0,1,3,0.0,0.0,0.0,0.0
2020-09-07,2.701,2.691,2.721,2.681,254849.0,,-0.7377351530800436,600170.SH,600170,2020-09-07,2.711,-0.7377351530800436,0.0,1,3,0.0,0.0,0.0,0.0
2020-09-08,2.681,2.721,2.721,2.681,266185.0,,1.1148272017837302,600170.SH,600170,2020-09-08,2.691,1.1148272017837302,0.0,1,3,0.0,0.0,0.0,0.0
2020-09-09,2.711,2.751,2.771,2.701,635455.0,,1.1025358324145529,600170.SH,600170,2020-09-09,2.721,1.1025358324145529,0.0,1,3,0.0,0.0,0.0,0.0
2020-09-10,2.761,2.691,2.771,2.681,444668.0,,-2.181025081788446,600170.SH,600170,2020-09-10,2.751,-2.181025081788446,0.0,1,3,0.0,0.0,0.0,0.0
2020-09-11,2.681,2.691,2.711,2.671,236081.0,,0.0,600170.SH,600170,2020-09-11,2.691,0.0,0.0,1,3,0.0,0.0,0.0,0.0
2020-09-14,2.691,2.711,2.721,2.681,222795.0,,0.743218134522472,600170.SH,600170,2020-09-14,2.691,0.743218134522472,0.0,1,3,0.0,0.0,0.0,0.0
2020-09-15,2.701,2.691,2.711,2.681,207216.0,,-0.7377351530800436,600170.SH,600170,2020-09-15,2.711,-0.7377351530800436,0.0,1,3,0.0,0.0,0.0,0.0
2020-09-16,2.681,2.681,2.701,2.671,192362.0,,-0.371609067261236,600170.SH,600170,2020-09-16,2.691,-0.371609067261236,0.0,1,3,0.0,0.0,0.0,0.0
2020-09-17,2.671,2.681,2.691,2.671,161857.0,,0.0,600170.SH,600170,2020-09-17,2.681,0.0,0.0,1,3,0.0,0.0,0.0,0.0
2020-09-18,2.681,2.721,2.731,2.671,325981.0,,1.4919806042521522,600170.SH,600170,2020-09-18,2.681,1.4919806042521522,0.0,1,3,0.0,0.0,0.0,0.0
2020-09-21,2.721,2.711,2.731,2.691,218740.0,,-0.367511944138188,600170.SH,600170,2020-09-21,2.721,-0.367511944138188,0.0,1,3,0.0,0.0,0.0,0.0
2020-09-22,2.701,2.681,2.711,2.671,214310.0,,-1.1066027296200542,600170.SH,600170,2020-09-22,2.711,-1.1066027296200542,0.0,1,3,0.0,0.0,0.0,0.0
2020-09-23,2.681,2.671,2.691,2.671,140593.0,,-0.3729951510630491,600170.SH,600170,2020-09-23,2.681,-0.3729951510630491,0.0,1,3,0.0,0.0,0.0,0.0
2020-09-24,2.671,2.641,2.671,2.641,226817.0,,-1.1231748408835562,600170.SH,600170,2020-09-24,2.671,-1.1231748408835562,0.0,1,3,0.0,0.0,0.0,0.0
2020-09-25,2.651,2.631,2.661,2.631,134279.0,,-0.3786444528587784,600170.SH,600170,2020-09-25,2.641,-0.3786444528587784,0.0,1,3,0.0,0.0,0.0,0.0
2020-09-28,2.641,2.651,2.661,2.641,130055.0,,0.7601672367920864,600170.SH,600170,2020-09-28,2.631,0.7601672367920864,0.0,1,3,0.0,0.0,0.0,0.0
2020-09-29,2.661,2.651,2.671,2.651,125351.0,,0.0,600170.SH,600170,2020-09-29,2.651,0.0,0.0,1,3,0.0,0.0,0.0,0.0
2020-09-30,2.651,2.631,2.661,2.621,150708.0,,-0.7544322897020006,600170.SH,600170,2020-09-30,2.651,-0.7544322897020006,0.0,1,3,0.0,0.0,0.0,0.0
2020-10-09,2.651,2.651,2.661,2.641,155716.0,,0.7601672367920864,600170.SH,600170,2020-10-09,2.631,0.7601672367920864,0.0,1,3,0.0,0.0,0.0,0.0
2020-10-12,2.651,2.681,2.691,2.651,261089.0,,1.131648434553001,600170.SH,600170,2020-10-12,2.651,1.131648434553001,0.0,1,3,0.0,0.0,0.0,0.0
2020-10-13,2.681,2.681,2.681,2.661,132950.0,,0.0,600170.SH,600170,2020-10-13,2.681,0.0,0.0,1,3,0.0,0.0,0.0,0.0
2020-10-14,2.671,2.681,2.691,2.661,201357.0,,0.0,600170.SH,600170,2020-10-14,2.681,0.0,0.0,1,3,0.0,0.0,0.0,0.0
2020-10-15,2.681,2.671,2.691,2.651,155662.0,,-0.3729951510630491,600170.SH,600170,2020-10-15,2.681,-0.3729951510630491,0.0,1,3,0.0,0.0,0.0,0.0
2020-10-16,2.661,2.661,2.681,2.651,191257.0,,-0.3743916136278447,600170.SH,600170,2020-10-16,2.671,-0.3743916136278447,0.0,1,3,0.0,0.0,0.0,0.0
2020-10-19,2.661,2.661,2.681,2.651,172530.0,,0.0,600170.SH,600170,2020-10-19,2.661,0.0,0.0,1,3,0.0,0.0,0.0,0.0
2020-10-20,2.651,2.651,2.661,2.641,125363.0,,-0.3757985719654355,600170.SH,600170,2020-10-20,2.661,-0.3757985719654355,0.0,1,3,0.0,0.0,0.0,0.0
2020-10-21,2.651,2.641,2.661,2.631,148952.0,,-0.3772161448509892,600170.SH,600170,2020-10-21,2.651,-0.3772161448509892,0.0,1,3,0.0,0.0,0.0,0.0
2020-10-22,2.641,2.631,2.651,2.631,144335.0,,-0.3786444528587784,600170.SH,600170,2020-10-22,2.641,-0.3786444528587784,0.0,1,3,0.0,0.0,0.0,0.0
2020-10-23,2.641,2.641,2.651,2.631,101714.0,,0.3800836183960543,600170.SH,600170,2020-10-23,2.631,0.3800836183960543,0.0,1,3,0.0,0.0,0.0,0.0
2020-10-26,2.641,2.641,2.651,2.631,138808.0,,0.0,600170.SH,600170,2020-10-26,2.641,0.0,0.0,1,3,0.0,0.0,0.0,0.0
2020-10-27,2.631,2.611,2.641,2.611,211910.0,,-1.135933358576291,600170.SH,600170,2020-10-27,2.641,-1.135933358576291,0.0,1,3,0.0,0.0,0.0,0.0
2020-10-28,2.611,2.601,2.611,2.571,185625.0,,-0.3829950210647359,600170.SH,600170,2020-10-28,2.611,-0.3829950210647359,0.0,1,3,0.0,0.0,0.0,0.0
2020-10-29,2.581,2.591,2.601,2.571,161772.0,,-0.3844675124951902,600170.SH,600170,2020-10-29,2.601,-0.3844675124951902,0.0,1,3,0.0,0.0,0.0,0.0
2020-10-30,2.591,2.581,2.601,2.561,155158.0,,-0.3859513701273687,600170.SH,600170,2020-10-30,2.591,-0.3859513701273687,0.0,1,3,0.0,0.0,0.0,0.0
2020-11-02,2.571,2.541,2.581,2.531,216725.0,,-1.5497869043006651,600170.SH,600170,2020-11-02,2.581,-1.5497869043006651,0.0,1,3,0.0,0.0,0.0,0.0
2020-11-03,2.551,2.571,2.591,2.541,150406.0,,1.1806375442739103,600170.SH,600170,2020-11-03,2.541,1.1806375442739103,0.0,1,3,0.0,0.0,0.0,0.0
2020-11-04,2.581,2.551,2.581,2.541,209320.0,,-0.7779074290159449,600170.SH,600170,2020-11-04,2.571,-0.7779074290159449,0.0,1,3,0.0,0.0,0.0,0.0
2020-11-05,2.561,2.581,2.581,2.551,218151.0,,1.1760094080752517,600170.SH,600170,2020-11-05,2.551,1.1760094080752517,0.0,1,3,0.0,0.0,0.0,0.0
2020-11-06,2.571,2.591,2.591,2.551,223148.0,,0.3874467260751801,600170.SH,600170,2020-11-06,2.581,0.3874467260751801,0.0,1,3,0.0,0.0,0.0,0.0
2020-11-09,2.581,2.611,2.621,2.581,329296.0,,0.7719027402547374,600170.SH,600170,2020-11-09,2.591,0.7719027402547374,0.0,1,3,0.0,0.0,0.0,0.0
2020-11-10,2.611,2.581,2.621,2.581,196127.0,,-1.1489850631941856,600170.SH,600170,2020-11-10,2.611,-1.1489850631941856,0.0,1,3,0.0,0.0,0.0,0.0
2020-11-11,2.581,2.601,2.621,2.571,245980.0,,0.7748934521503381,600170.SH,600170,2020-11-11,2.581,0.7748934521503381,0.0,1,3,0.0,0.0,0.0,0.0
2020-11-12,2.591,2.581,2.611,2.581,152705.0,,-0.7689350249903915,600170.SH,600170,2020-11-12,2.601,-0.7689350249903915,0.0,1,3,0.0,0.0,0.0,0.0
2020-11-13,2.581,2.561,2.581,2.551,163074.0,,-0.774893452150327,600170.SH,600170,2020-11-13,2.581,-0.774893452150327,0.0,1,3,0.0,0.0,0.0,0.0
2020-11-16,2.561,2.601,2.601,2.561,159118.0,,1.5618898867629794,600170.SH,600170,2020-11-16,2.561,1.5618898867629794,0.0,1,3,0.0,0.0,0.0,0.0
2020-11-17,2.591,2.601,2.611,2.571,241026.0,,0.0,600170.SH,600170,2020-11-17,2.601,0.0,0.0,1,3,0.0,0.0,0.0,0.0
2020-11-18,2.601,2.611,2.631,2.591,267704.0,,0.3844675124952124,600170.SH,600170,2020-11-18,2.601,0.3844675124952124,0.0,1,3,0.0,0.0,0.0,0.0
2020-11-19,2.621,2.591,2.621,2.591,192399.0,,-0.7659900421294497,600170.SH,600170,2020-11-19,2.611,-0.7659900421294497,0.0,1,3,0.0,0.0,0.0,0.0
2020-11-20,2.591,2.591,2.601,2.581,141187.0,,0.0,600170.SH,600170,2020-11-20,2.591,0.0,0.0,1,3,0.0,0.0,0.0,0.0
2020-11-23,2.591,2.611,2.631,2.581,278390.0,,0.7719027402547374,600170.SH,600170,2020-11-23,2.591,0.7719027402547374,0.0,1,3,0.0,0.0,0.0,0.0
2020-11-24,2.611,2.611,2.621,2.601,163349.0,,0.0,600170.SH,600170,2020-11-24,2.611,0.0,0.0,1,3,0.0,0.0,0.0,0.0
2020-11-25,2.621,2.591,2.631,2.591,196271.0,,-0.7659900421294497,600170.SH,600170,2020-11-25,2.611,-0.7659900421294497,0.0,1,3,0.0,0.0,0.0,0.0
2020-11-26,2.591,2.581,2.591,2.571,175759.0,,-0.3859513701273687,600170.SH,600170,2020-11-26,2.591,-0.3859513701273687,0.0,1,3,0.0,0.0,0.0,0.0
2020-11-27,2.591,2.611,2.611,2.581,157032.0,,1.162340178225496,600170.SH,600170,2020-11-27,2.581,1.162340178225496,0.0,1,3,0.0,0.0,0.0,0.0
2020-11-30,2.611,2.611,2.651,2.601,399474.0,,0.0,600170.SH,600170,2020-11-30,2.611,0.0,0.0,1,3,0.0,0.0,0.0,0.0
2020-12-01,2.601,2.631,2.641,2.591,297068.0,,0.7659900421294275,600170.SH,600170,2020-12-01,2.611,0.7659900421294275,0.0,1,3,0.0,0.0,0.0,0.0
2020-12-02,2.621,2.631,2.651,2.611,277414.0,,0.0,600170.SH,600170,2020-12-02,2.631,0.0,0.0,1,3,0.0,0.0,0.0,0.0
2020-12-03,2.631,2.621,2.641,2.611,164746.0,,-0.3800836183960432,600170.SH,600170,2020-12-03,2.631,-0.3800836183960432,0.0,1,3,0.0,0.0,0.0,0.0
2020-12-04,2.631,2.631,2.641,2.611,211153.0,,0.3815337657382622,600170.SH,600170,2020-12-04,2.621,0.3815337657382622,0.0,1,3,0.0,0.0,0.0,0.0
2020-12-07,2.631,2.621,2.641,2.611,146234.0,,-0.3800836183960432,600170.SH,600170,2020-12-07,2.631,-0.3800836183960432,0.0,1,3,0.0,0.0,0.0,0.0
2020-12-08,2.621,2.611,2.621,2.601,170922.0,,-0.3815337657382622,600170.SH,600170,2020-12-08,2.621,-0.3815337657382622,0.0,1,3,0.0,0.0,0.0,0.0
2020-12-09,2.611,2.581,2.611,2.581,249759.0,,-1.1489850631941856,600170.SH,600170,2020-12-09,2.611,-1.1489850631941856,0.0,1,3,0.0,0.0,0.0,0.0
2020-12-10,2.581,2.581,2.601,2.571,265639.0,,0.0,600170.SH,600170,2020-12-10,2.581,0.0,0.0,1,3,0.0,0.0,0.0,0.0
2020-12-11,2.581,2.641,2.641,2.551,598743.0,,2.324680356450992,600170.SH,600170,2020-12-11,2.581,2.324680356450992,0.0,1,3,0.0,0.0,0.0,0.0
2020-12-14,2.621,2.581,2.631,2.571,331505.0,,-2.271866717152593,600170.SH,600170,2020-12-14,2.641,-2.271866717152593,0.0,1,3,0.0,0.0,0.0,0.0
2020-12-15,2.571,2.571,2.581,2.561,177281.0,,-0.3874467260751579,600170.SH,600170,2020-12-15,2.581,-0.3874467260751579,0.0,1,3,0.0,0.0,0.0,0.0
2020-12-16,2.581,2.561,2.581,2.561,100692.0,,-0.388953714507978,600170.SH,600170,2020-12-16,2.571,-0.388953714507978,0.0,1,3,0.0,0.0,0.0,0.0
2020-12-17,2.561,2.571,2.581,2.551,193025.0,,0.3904724716907504,600170.SH,600170,2020-12-17,2.561,0.3904724716907504,0.0,1,3,0.0,0.0,0.0,0.0
2020-12-18,2.571,2.571,2.581,2.561,180663.0,,0.0,600170.SH,600170,2020-12-18,2.571,0.0,0.0,1,3,0.0,0.0,0.0,0.0
2020-12-21,2.561,2.571,2.581,2.551,175282.0,,0.0,600170.SH,600170,2020-12-21,2.571,0.0,0.0,1,3,0.0,0.0,0.0,0.0
2020-12-22,2.571,2.541,2.571,2.531,239795.0,,-1.166861143523934,600170.SH,600170,2020-12-22,2.571,-1.166861143523934,0.0,1,3,0.0,0.0,0.0,0.0
2020-12-23,2.541,2.551,2.561,2.541,134930.0,,0.3935458480913034,600170.SH,600170,2020-12-23,2.541,0.3935458480913034,0.0,1,3,0.0,0.0,0.0,0.0
2020-12-24,2.551,2.541,2.561,2.531,158149.0,,-0.3920031360250986,600170.SH,600170,2020-12-24,2.551,-0.3920031360250986,0.0,1,3,0.0,0.0,0.0,0.0
2020-12-25,2.541,2.551,2.561,2.531,151996.0,,0.3935458480913034,600170.SH,600170,2020-12-25,2.541,0.3935458480913034,0.0,1,3,0.0,0.0,0.0,0.0
2020-12-28,2.541,2.531,2.551,2.531,155812.0,,-0.784006272050175,600170.SH,600170,2020-12-28,2.551,-0.784006272050175,0.0,1,3,0.0,0.0,0.0,0.0
2020-12-29,2.541,2.541,2.551,2.531,159144.0,,0.3951007506914239,600170.SH,600170,2020-12-29,2.531,0.3951007506914239,0.0,1,3,0.0,0.0,0.0,0.0
2020-12-30,2.541,2.541,2.551,2.531,199711.0,,0.0,600170.SH,600170,2020-12-30,2.541,0.0,0.0,1,3,0.0,0.0,0.0,0.0
2020-12-31,2.541,2.551,2.561,2.531,175838.0,,0.3935458480913034,600170.SH,600170,2020-12-31,2.541,0.3935458480913034,0.0,1,3,0.0,0.0,0.0,0.0
2021-01-04,2.551,2.541,2.561,2.531,240177.0,,-0.3920031360250986,600170.SH,600170,2021-01-04,2.551,-0.3920031360250986,0.0,1,3,0.0,0.0,0.0,0.0
2021-01-05,2.541,2.541,2.551,2.531,208920.0,,0.0,600170.SH,600170,2021-01-05,2.541,0.0,0.0,1,3,0.0,0.0,0.0,0.0
2021-01-06,2.541,2.571,2.581,2.541,314697.0,,1.1806375442739103,600170.SH,600170,2021-01-06,2.541,1.1806375442739103,0.0,1,3,0.0,0.0,0.0,0.0
2021-01-07,2.571,2.531,2.571,2.511,298065.0,,-1.555814858031901,600170.SH,600170,2021-01-07,2.571,-1.555814858031901,0.0,1,3,0.0,0.0,0.0,0.0
2021-01-08,2.531,2.541,2.551,2.531,220516.0,,0.3951007506914239,600170.SH,600170,2021-01-08,2.531,0.3951007506914239,0.0,1,3,0.0,0.0,0.0,0.0
2021-01-11,2.541,2.531,2.541,2.511,239494.0,,-0.3935458480912923,600170.SH,600170,2021-01-11,2.541,-0.3935458480912923,0.0,1,3,0.0,0.0,0.0,0.0
2021-01-12,2.531,2.531,2.551,2.521,238796.0,,0.0,600170.SH,600170,2021-01-12,2.531,0.0,0.0,1,3,0.0,0.0,0.0,0.0
2021-01-13,2.531,2.561,2.571,2.521,368360.0,,1.1853022520742718,600170.SH,600170,2021-01-13,2.531,1.1853022520742718,0.0,1,3,0.0,0.0,0.0,0.0
2021-01-14,2.541,2.561,2.601,2.541,313140.0,,0.0,600170.SH,600170,2021-01-14,2.561,0.0,0.0,1,3,0.0,0.0,0.0,0.0
2021-01-15,2.571,2.561,2.581,2.541,221916.0,,0.0,600170.SH,600170,2021-01-15,2.561,0.0,0.0,1,3,0.0,0.0,0.0,0.0
2021-01-18,2.551,2.551,2.561,2.541,179146.0,,-0.3904724716907393,600170.SH,600170,2021-01-18,2.561,-0.3904724716907393,0.0,1,3,0.0,0.0,0.0,0.0
2021-01-19,2.541,2.551,2.561,2.531,201015.0,,0.0,600170.SH,600170,2021-01-19,2.551,0.0,0.0,1,3,0.0,0.0,0.0,0.0
2021-01-20,2.551,2.541,2.551,2.531,139621.0,,-0.3920031360250986,600170.SH,600170,2021-01-20,2.551,-0.3920031360250986,0.0,1,3,0.0,0.0,0.0,0.0
2021-01-21,2.541,2.531,2.551,2.531,174743.0,,-0.3935458480912923,600170.SH,600170,2021-01-21,2.541,-0.3935458480912923,0.0,1,3,0.0,0.0,0.0,0.0
2021-01-22,2.541,2.521,2.541,2.521,163050.0,,-0.395100750691435,600170.SH,600170,2021-01-22,2.531,-0.395100750691435,0.0,1,3,0.0,0.0,0.0,0.0
2021-01-25,2.511,2.481,2.511,2.471,269343.0,,-1.5866719555731823,600170.SH,600170,2021-01-25,2.521,-1.5866719555731823,0.0,1,3,0.0,0.0,0.0,0.0
2021-01-26,2.481,2.471,2.481,2.461,166654.0,,-0.4030632809351009,600170.SH,600170,2021-01-26,2.481,-0.4030632809351009,0.0,1,3,0.0,0.0,0.0,0.0
2021-01-27,2.471,2.471,2.501,2.461,170199.0,,0.0,600170.SH,600170,2021-01-27,2.471,0.0,0.0,1,3,0.0,0.0,0.0,0.0
2021-01-28,2.461,2.471,2.471,2.461,144187.0,,0.0,600170.SH,600170,2021-01-28,2.471,0.0,0.0,1,3,0.0,0.0,0.0,0.0
2021-01-29,2.461,2.441,2.481,2.431,218600.0,,-1.2140833670578832,600170.SH,600170,2021-01-29,2.471,-1.2140833670578832,0.0,1,3,0.0,0.0,0.0,0.0
2021-02-01,2.431,2.441,2.451,2.431,131931.0,,0.0,600170.SH,600170,2021-02-01,2.441,0.0,0.0,1,3,0.0,0.0,0.0,0.0
2021-02-02,2.441,2.441,2.471,2.431,199376.0,,0.0,600170.SH,600170,2021-02-02,2.441,0.0,0.0,1,3,0.0,0.0,0.0,0.0
2021-02-03,2.441,2.411,2.441,2.401,216316.0,,-1.2290045063498511,600170.SH,600170,2021-02-03,2.441,-1.2290045063498511,0.0,1,3,0.0,0.0,0.0,0.0
2021-02-04,2.411,2.371,2.411,2.351,241987.0,,-1.659062629614272,600170.SH,600170,2021-02-04,2.411,-1.659062629614272,0.0,1,3,0.0,0.0,0.0,0.0
2021-02-05,2.371,2.371,2.381,2.361,108547.0,,0.0,600170.SH,600170,2021-02-05,2.371,0.0,0.0,1,3,0.0,0.0,0.0,0.0
2021-02-08,2.381,2.401,2.401,2.371,161556.0,,1.2652889076339102,600170.SH,600170,2021-02-08,2.371,1.2652889076339102,0.0,1,3,0.0,0.0,0.0,0.0
2021-02-09,2.401,2.401,2.411,2.381,130459.0,,0.0,600170.SH,600170,2021-02-09,2.401,0.0,0.0,1,3,0.0,0.0,0.0,0.0
2021-02-10,2.401,2.401,2.411,2.391,130807.0,,0.0,600170.SH,600170,2021-02-10,2.401,0.0,0.0,1,3,0.0,0.0,0.0,0.0
2021-02-18,2.391,2.421,2.431,2.391,181731.0,,0.8329862557267864,600170.SH,600170,2021-02-18,2.401,0.8329862557267864,0.0,1,3,0.0,0.0,0.0,0.0
2021-02-19,2.421,2.501,2.501,2.411,276621.0,,3.304419661296998,600170.SH,600170,2021-02-19,2.421,3.304419661296998,0.0,1,3,0.0,0.0,0.0,0.0
2021-02-22,2.501,2.521,2.551,2.491,366752.0,,0.7996801279488208,600170.SH,600170,2021-02-22,2.501,0.7996801279488208,0.0,1,3,0.0,0.0,0.0,0.0
2021-02-23,2.521,2.491,2.531,2.491,199538.0,,-1.1900039666798867,600170.SH,600170,2021-02-23,2.521,-1.1900039666798867,0.0,1,3,0.0,0.0,0.0,0.0
2021-02-24,2.501,2.491,2.511,2.481,199038.0,,0.0,600170.SH,600170,2021-02-24,2.491,0.0,0.0,1,3,0.0,0.0,0.0,0.0
2021-02-25,2.501,2.521,2.541,2.491,241002.0,,1.2043356081894665,600170.SH,600170,2021-02-25,2.491,1.2043356081894665,0.0,1,3,0.0,0.0,0.0,0.0
2021-02-26,2.511,2.491,2.531,2.481,262151.0,,-1.1900039666798867,600170.SH,600170,2021-02-26,2.521,-1.1900039666798867,0.0,1,3,0.0,0.0,0.0,0.0
2021-03-01,2.501,2.501,2.511,2.481,190352.0,,0.4014452027298221,600170.SH,600170,2021-03-01,2.491,0.4014452027298221,0.0,1,3,0.0,0.0,0.0,0.0
2021-03-02,2.501,2.501,2.521,2.491,191436.0,,0.0,600170.SH,600170,2021-03-02,2.501,0.0,0.0,1,3,0.0,0.0,0.0,0.0
2021-03-03,2.501,2.541,2.541,2.491,224337.0,,1.5993602558976416,600170.SH,600170,2021-03-03,2.501,1.5993602558976416,0.0,1,3,0.0,0.0,0.0,0.0
2021-03-04,2.541,2.541,2.551,2.521,249197.0,,0.0,600170.SH,600170,2021-03-04,2.541,0.0,0.0,1,3,0.0,0.0,0.0,0.0
2021-03-05,2.541,2.541,2.561,2.531,209388.0,,0.0,600170.SH,600170,2021-03-05,2.541,0.0,0.0,1,3,0.0,0.0,0.0,0.0
2021-03-08,2.551,2.541,2.571,2.531,231614.0,,0.0,600170.SH,600170,2021-03-08,2.541,0.0,0.0,1,3,0.0,0.0,0.0,0.0
2021-03-09,2.531,2.551,2.561,2.521,341971.0,,0.3935458480913034,600170.SH,600170,2021-03-09,2.541,0.3935458480913034,0.0,1,3,0.0,0.0,0.0,0.0
2021-03-10,2.541,2.491,2.551,2.491,199097.0,,-2.352018816150536,600170.SH,600170,2021-03-10,2.551,-2.352018816150536,0.0,1,3,0.0,0.0,0.0,0.0
2021-03-11,2.501,2.511,2.531,2.491,187329.0,,0.8028904054596664,600170.SH,600170,2021-03-11,2.491,0.8028904054596664,0.0,1,3,0.0,0.0,0.0,0.0
2021-03-12,2.511,2.541,2.551,2.501,276956.0,,1.1947431302269829,600170.SH,600170,2021-03-12,2.511,1.1947431302269829,0.0,1,3,0.0,0.0,0.0,0.0
2021-03-15,2.531,2.581,2.581,2.531,380221.0,,1.5741833923652138,600170.SH,600170,2021-03-15,2.541,1.5741833923652138,0.0,1,3,0.0,0.0,0.0,0.0
2021-03-16,2.581,2.571,2.591,2.561,190066.0,,-0.3874467260751579,600170.SH,600170,2021-03-16,2.581,-0.3874467260751579,0.0,1,3,0.0,0.0,0.0,0.0
2021-03-17,2.571,2.551,2.581,2.541,201653.0,,-0.7779074290159449,600170.SH,600170,2021-03-17,2.571,-0.7779074290159449,0.0,1,3,0.0,0.0,0.0,0.0
2021-03-18,2.551,2.551,2.561,2.541,179883.0,,0.0,600170.SH,600170,2021-03-18,2.551,0.0,0.0,1,3,0.0,0.0,0.0,0.0
2021-03-19,2.541,2.531,2.551,2.511,238556.0,,-0.784006272050175,600170.SH,600170,2021-03-19,2.551,-0.784006272050175,0.0,1,3,0.0,0.0,0.0,0.0
2021-03-22,2.521,2.561,2.561,2.521,207850.0,,1.1853022520742718,600170.SH,600170,2021-03-22,2.531,1.1853022520742718,0.0,1,3,0.0,0.0,0.0,0.0
2021-03-23,2.561,2.571,2.581,2.551,224590.0,,0.3904724716907504,600170.SH,600170,2021-03-23,2.561,0.3904724716907504,0.0,1,3,0.0,0.0,0.0,0.0
2021-03-24,2.571,2.551,2.581,2.541,226340.0,,-0.7779074290159449,600170.SH,600170,2021-03-24,2.571,-0.7779074290159449,0.0,1,3,0.0,0.0,0.0,0.0
2021-03-25,2.541,2.551,2.561,2.531,181897.0,,0.0,600170.SH,600170,2021-03-25,2.551,0.0,0.0,1,3,0.0,0.0,0.0,0.0
2021-03-26,2.541,2.541,2.561,2.531,133265.0,,-0.3920031360250986,600170.SH,600170,2021-03-26,2.551,-0.3920031360250986,0.0,1,3,0.0,0.0,0.0,0.0
2021-03-29,2.541,2.531,2.541,2.511,199208.0,,-0.3935458480912923,600170.SH,600170,2021-03-29,2.541,-0.3935458480912923,0.0,1,3,0.0,0.0,0.0,0.0
2021-03-30,2.521,2.521,2.531,2.501,179098.0,,-0.395100750691435,600170.SH,600170,2021-03-30,2.531,-0.395100750691435,0.0,1,3,0.0,0.0,0.0,0.0
2021-03-31,2.521,2.571,2.571,2.511,329735.0,,1.983339944466489,600170.SH,600170,2021-03-31,2.521,1.983339944466489,0.0,1,3,0.0,0.0,0.0,0.0
2021-04-01,2.581,2.561,2.581,2.551,225319.0,,-0.388953714507978,600170.SH,600170,2021-04-01,2.571,-0.388953714507978,0.0,1,3,0.0,0.0,0.0,0.0
2021-04-02,2.561,2.541,2.571,2.541,144825.0,,-0.7809449433814897,600170.SH,600170,2021-04-02,2.561,-0.7809449433814897,0.0,1,3,0.0,0.0,0.0,0.0
2021-04-06,2.551,2.531,2.561,2.531,145124.0,,-0.3935458480912923,600170.SH,600170,2021-04-06,2.541,-0.3935458480912923,0.0,1,3,0.0,0.0,0.0,0.0
2021-04-07,2.541,2.551,2.561,2.521,217203.0,,0.7902015013828478,600170.SH,600170,2021-04-07,2.531,0.7902015013828478,0.0,1,3,0.0,0.0,0.0,0.0
2021-04-08,2.551,2.541,2.561,2.531,178214.0,,-0.3920031360250986,600170.SH,600170,2021-04-08,2.551,-0.3920031360250986,0.0,1,3,0.0,0.0,0.0,0.0
2021-04-09,2.531,2.521,2.541,2.511,185893.0,,-0.7870916961826069,600170.SH,600170,2021-04-09,2.541,-0.7870916961826069,0.0,1,3,0.0,0.0,0.0,0.0
2021-04-12,2.521,2.521,2.531,2.511,136538.0,,0.0,600170.SH,600170,2021-04-12,2.521,0.0,0.0,1,3,0.0,0.0,0.0,0.0
2021-04-13,2.521,2.511,2.531,2.501,199487.0,,-0.3966679888932845,600170.SH,600170,2021-04-13,2.521,-0.3966679888932845,0.0,1,3,0.0,0.0,0.0,0.0
2021-04-14,2.511,2.501,2.521,2.501,135758.0,,-0.398247710075672,600170.SH,600170,2021-04-14,2.511,-0.398247710075672,0.0,1,3,0.0,0.0,0.0,0.0
2021-04-15,2.501,2.471,2.511,2.471,193383.0,,-1.19952019192322,600170.SH,600170,2021-04-15,2.501,-1.19952019192322,0.0,1,3,0.0,0.0,0.0,0.0
2021-04-16,2.481,2.511,2.511,2.471,182079.0,,1.618777822743822,600170.SH,600170,2021-04-16,2.471,1.618777822743822,0.0,1,3,0.0,0.0,0.0,0.0
2021-04-19,2.511,2.501,2.531,2.501,188062.0,,-0.398247710075672,600170.SH,600170,2021-04-19,2.511,-0.398247710075672,0.0,1,3,0.0,0.0,0.0,0.0
2021-04-20,2.501,2.511,2.521,2.491,151728.0,,0.3998400639744215,600170.SH,600170,2021-04-20,2.501,0.3998400639744215,0.0,1,3,0.0,0.0,0.0,0.0
2021-04-21,2.501,2.501,2.511,2.491,151612.0,,-0.398247710075672,600170.SH,600170,2021-04-21,2.511,-0.398247710075672,0.0,1,3,0.0,0.0,0.0,0.0
2021-04-22,2.501,2.471,2.511,2.471,175017.0,,-1.19952019192322,600170.SH,600170,2021-04-22,2.501,-1.19952019192322,0.0,1,3,0.0,0.0,0.0,0.0
2021-04-23,2.481,2.471,2.481,2.461,158499.0,,0.0,600170.SH,600170,2021-04-23,2.471,0.0,0.0,1,3,0.0,0.0,0.0,0.0
2021-04-26,2.481,2.451,2.491,2.441,237611.0,,-0.809388911371911,600170.SH,600170,2021-04-26,2.471,-0.809388911371911,0.0,1,3,0.0,0.0,0.0,0.0
2021-04-27,2.451,2.451,2.461,2.441,146463.0,,0.0,600170.SH,600170,2021-04-27,2.451,0.0,0.0,1,3,0.0,0.0,0.0,0.0
2021-04-28,2.451,2.451,2.451,2.431,140381.0,,0.0,600170.SH,600170,2021-04-28,2.451,0.0,0.0,1,3,0.0,0.0,0.0,0.0
2021-04-29,2.441,2.461,2.461,2.441,128047.0,,0.407996736026095,600170.SH,600170,2021-04-29,2.451,0.407996736026095,0.0,1,3,0.0,0.0,0.0,0.0
2021-04-30,2.441,2.441,2.451,2.421,242672.0,,-0.8126777732629042,600170.SH,600170,2021-04-30,2.461,-0.8126777732629042,0.0,1,3,0.0,0.0,0.0,0.0
2021-05-06,2.441,2.421,2.451,2.421,157736.0,,-0.8193363375665674,600170.SH,600170,2021-05-06,2.441,-0.8193363375665674,0.0,1,3,0.0,0.0,0.0,0.0
2021-05-07,2.421,2.441,2.451,2.421,125780.0,,0.8261049153242439,600170.SH,600170,2021-05-07,2.421,0.8261049153242439,0.0,1,3,0.0,0.0,0.0,0.0
2021-05-10,2.441,2.431,2.451,2.431,112276.0,,-0.4096681687832726,600170.SH,600170,2021-05-10,2.441,-0.4096681687832726,0.0,1,3,0.0,0.0,0.0,0.0
2021-05-11,2.431,2.461,2.471,2.421,262296.0,,1.234060057589459,600170.SH,600170,2021-05-11,2.431,1.234060057589459,0.0,1,3,0.0,0.0,0.0,0.0
2021-05-12,2.451,2.441,2.461,2.431,179317.0,,-0.8126777732629042,600170.SH,600170,2021-05-12,2.461,-0.8126777732629042,0.0,1,3,0.0,0.0,0.0,0.0
2021-05-13,2.431,2.451,2.461,2.431,155171.0,,0.4096681687832948,600170.SH,600170,2021-05-13,2.441,0.4096681687832948,0.0,1,3,0.0,0.0,0.0,0.0
2021-05-14,2.451,2.481,2.481,2.451,163789.0,,1.2239902080783294,600170.SH,600170,2021-05-14,2.451,1.2239902080783294,0.0,1,3,0.0,0.0,0.0,0.0
2021-05-17,2.471,2.471,2.481,2.461,130249.0,,-0.4030632809351009,600170.SH,600170,2021-05-17,2.481,-0.4030632809351009,0.0,1,3,0.0,0.0,0.0,0.0
2021-05-18,2.471,2.451,2.471,2.451,99903.0,,-0.809388911371911,600170.SH,600170,2021-05-18,2.471,-0.809388911371911,0.0,1,3,0.0,0.0,0.0,0.0
2021-05-19,2.461,2.451,2.461,2.441,87131.0,,0.0,600170.SH,600170,2021-05-19,2.451,0.0,0.0,1,3,0.0,0.0,0.0,0.0
2021-05-20,2.451,2.451,2.461,2.441,99313.0,,0.0,600170.SH,600170,2021-05-20,2.451,0.0,0.0,1,3,0.0,0.0,0.0,0.0
2021-05-21,2.451,2.451,2.461,2.441,121137.0,,0.0,600170.SH,600170,2021-05-21,2.451,0.0,0.0,1,3,0.0,0.0,0.0,0.0
2021-05-24,2.451,2.461,2.461,2.441,113030.0,,0.407996736026095,600170.SH,600170,2021-05-24,2.451,0.407996736026095,0.0,1,3,0.0,0.0,0.0,0.0
2021-05-25,2.461,2.471,2.481,2.451,148951.0,,0.4063388866314632,600170.SH,600170,2021-05-25,2.461,0.4063388866314632,0.0,1,3,0.0,0.0,0.0,0.0
2021-05-26,2.471,2.471,2.481,2.461,181768.0,,0.0,600170.SH,600170,2021-05-26,2.471,0.0,0.0,1,3,0.0,0.0,0.0,0.0
2021-05-27,2.471,2.481,2.481,2.461,147155.0,,0.4046944556859388,600170.SH,600170,2021-05-27,2.471,0.4046944556859388,0.0,1,3,0.0,0.0,0.0,0.0
2021-05-28,2.471,2.461,2.481,2.451,144861.0,,-0.8061265618702129,600170.SH,600170,2021-05-28,2.481,-0.8061265618702129,0.0,1,3,0.0,0.0,0.0,0.0
2021-05-31,2.461,2.451,2.461,2.451,103424.0,,-0.406338886631441,600170.SH,600170,2021-05-31,2.461,-0.406338886631441,0.0,1,3,0.0,0.0,0.0,0.0
2021-06-01,2.461,2.451,2.461,2.441,167855.0,,0.0,600170.SH,600170,2021-06-01,2.451,0.0,0.0,1,3,0.0,0.0,0.0,0.0
2021-06-02,2.451,2.461,2.471,2.441,235741.0,,0.407996736026095,600170.SH,600170,2021-06-02,2.451,0.407996736026095,0.0,1,3,0.0,0.0,0.0,0.0
2021-06-03,2.461,2.521,2.551,2.451,536972.0,,2.4380333197887127,600170.SH,600170,2021-06-03,2.461,2.4380333197887127,0.0,1,3,0.0,0.0,0.0,0.0
2021-06-04,2.491,2.461,2.491,2.461,355032.0,,-2.380007933359785,600170.SH,600170,2021-06-04,2.521,-2.380007933359785,0.0,1,3,0.0,0.0,0.0,0.0
2021-06-07,2.461,2.451,2.471,2.451,159573.0,,-0.406338886631441,600170.SH,600170,2021-06-07,2.461,-0.406338886631441,0.0,1,3,0.0,0.0,0.0,0.0
2021-06-08,2.461,2.461,2.471,2.451,134583.0,,0.407996736026095,600170.SH,600170,2021-06-08,2.451,0.407996736026095,0.0,1,3,0.0,0.0,0.0,0.0
2021-06-09,2.471,2.461,2.471,2.461,120681.0,,0.0,600170.SH,600170,2021-06-09,2.461,0.0,0.0,1,3,0.0,0.0,0.0,0.0
2021-06-10,2.461,2.471,2.471,2.461,129872.0,,0.4063388866314632,600170.SH,600170,2021-06-10,2.461,0.4063388866314632,0.0,1,3,0.0,0.0,0.0,0.0
2021-06-11,2.471,2.471,2.481,2.461,231343.0,,0.0,600170.SH,600170,2021-06-11,2.471,0.0,0.0,1,3,0.0,0.0,0.0,0.0
2021-06-15,2.471,2.451,2.471,2.451,138587.0,,-0.809388911371911,600170.SH,600170,2021-06-15,2.471,-0.809388911371911,0.0,1,3,0.0,0.0,0.0,0.0
2021-06-16,2.451,2.461,2.461,2.441,129016.0,,0.407996736026095,600170.SH,600170,2021-06-16,2.451,0.407996736026095,0.0,1,3,0.0,0.0,0.0,0.0
2021-06-17,2.451,2.451,2.461,2.441,101420.0,,-0.406338886631441,600170.SH,600170,2021-06-17,2.461,-0.406338886631441,0.0,1,3,0.0,0.0,0.0,0.0
2021-06-18,2.451,2.451,2.451,2.441,104764.0,,0.0,600170.SH,600170,2021-06-18,2.451,0.0,0.0,1,3,0.0,0.0,0.0,0.0
2021-06-21,2.451,2.451,2.461,2.441,121239.0,,0.0,600170.SH,600170,2021-06-21,2.451,0.0,0.0,1,3,0.0,0.0,0.0,0.0
2021-06-22,2.461,2.471,2.471,2.451,157143.0,,0.8159934720522344,600170.SH,600170,2021-06-22,2.451,0.8159934720522344,0.0,1,3,0.0,0.0,0.0,0.0
2021-06-23,2.461,2.471,2.471,2.451,149847.0,,0.0,600170.SH,600170,2021-06-23,2.471,0.0,0.0,1,3,0.0,0.0,0.0,0.0
2021-06-24,2.471,2.471,2.481,2.461,212731.0,,0.0,600170.SH,600170,2021-06-24,2.471,0.0,0.0,1,3,0.0,0.0,0.0,0.0
2021-06-25,2.495,2.475,2.495,2.475,236881.0,"{'nd': '2020', 'fh_sh': '1.45', 'djr': '2021-06-24', 'cqr': '2021-06-25', 'FHcontent': '10派1.45元'}",0.1618777822743888,600170.SH,600170,2021-06-25,2.471,0.1618777822743888,0.0,1,3,0.0,0.0,0.0,0.0
2021-06-28,2.485,2.465,2.485,2.465,129728.0,,-0.4040404040404177,600170.SH,600170,2021-06-28,2.475,-0.4040404040404177,0.0,1,3,0.0,0.0,0.0,0.0
2021-06-29,2.465,2.455,2.475,2.445,149524.0,,-0.4056795131845758,600170.SH,600170,2021-06-29,2.465,-0.4056795131845758,0.0,1,3,0.0,0.0,0.0,0.0
2021-06-30,2.445,2.445,2.455,2.445,82511.0,,-0.4073319755600879,600170.SH,600170,2021-06-30,2.455,-0.4073319755600879,0.0,1,3,0.0,0.0,0.0,0.0
2021-07-01,2.445,2.455,2.465,2.445,135762.0,,0.4089979550102374,600170.SH,600170,2021-07-01,2.445,0.4089979550102374,0.0,1,3,0.0,0.0,0.0,0.0
2021-07-02,2.455,2.475,2.485,2.445,231821.0,,0.8146639511201537,600170.SH,600170,2021-07-02,2.455,0.8146639511201537,0.0,1,3,0.0,0.0,0.0,0.0
2021-07-05,2.475,2.455,2.485,2.455,106772.0,,-0.8080808080808133,600170.SH,600170,2021-07-05,2.475,-0.8080808080808133,0.0,1,3,0.0,0.0,0.0,0.0
2021-07-06,2.455,2.465,2.465,2.455,95407.0,,0.4073319755600657,600170.SH,600170,2021-07-06,2.455,0.4073319755600657,0.0,1,3,0.0,0.0,0.0,0.0
2021-07-07,2.455,2.455,2.465,2.445,104430.0,,-0.4056795131845758,600170.SH,600170,2021-07-07,2.465,-0.4056795131845758,0.0,1,3,0.0,0.0,0.0,0.0
2021-07-08,2.455,2.445,2.465,2.445,123824.0,,-0.4073319755600879,600170.SH,600170,2021-07-08,2.455,-0.4073319755600879,0.0,1,3,0.0,0.0,0.0,0.0
2021-07-09,2.445,2.445,2.455,2.435,136155.0,,0.0,600170.SH,600170,2021-07-09,2.445,0.0,0.0,1,3,0.0,0.0,0.0,0.0
2021-07-12,2.455,2.435,2.455,2.435,156960.0,,-0.4089979550102152,600170.SH,600170,2021-07-12,2.445,-0.4089979550102152,0.0,1,3,0.0,0.0,0.0,0.0
2021-07-13,2.435,2.445,2.455,2.425,195146.0,,0.4106776180698102,600170.SH,600170,2021-07-13,2.435,0.4106776180698102,0.0,1,3,0.0,0.0,0.0,0.0
2021-07-14,2.445,2.425,2.445,2.415,212913.0,,-0.8179959100204526,600170.SH,600170,2021-07-14,2.445,-0.8179959100204526,0.0,1,3,0.0,0.0,0.0,0.0
2021-07-15,2.415,2.385,2.425,2.375,286652.0,,-1.6494845360824797,600170.SH,600170,2021-07-15,2.425,-1.6494845360824797,0.0,1,3,0.0,0.0,0.0,0.0
2021-07-16,2.395,2.395,2.405,2.385,149584.0,,0.4192872117400492,600170.SH,600170,2021-07-16,2.385,0.4192872117400492,0.0,1,3,0.0,0.0,0.0,0.0
2021-07-19,2.385,2.365,2.395,2.355,183808.0,,-1.2526096033402825,600170.SH,600170,2021-07-19,2.395,-1.2526096033402825,0.0,1,3,0.0,0.0,0.0,0.0
2021-07-20,2.365,2.385,2.395,2.355,143992.0,,0.8456659619450191,600170.SH,600170,2021-07-20,2.365,0.8456659619450191,0.0,1,3,0.0,0.0,0.0,0.0
2021-07-21,2.385,2.385,2.395,2.375,137427.0,,0.0,600170.SH,600170,2021-07-21,2.385,0.0,0.0,1,3,0.0,0.0,0.0,0.0
2021-07-22,2.385,2.395,2.405,2.365,149181.0,,0.4192872117400492,600170.SH,600170,2021-07-22,2.385,0.4192872117400492,0.0,1,3,0.0,0.0,0.0,0.0
2021-07-23,2.385,2.385,2.395,2.375,145670.0,,-0.4175365344467718,600170.SH,600170,2021-07-23,2.395,-0.4175365344467718,0.0,1,3,0.0,0.0,0.0,0.0
2021-07-26,2.385,2.355,2.395,2.355,180133.0,,-1.2578616352201144,600170.SH,600170,2021-07-26,2.385,-1.2578616352201144,0.0,1,3,0.0,0.0,0.0,0.0
2021-07-27,2.355,2.355,2.365,2.335,161592.0,,0.0,600170.SH,600170,2021-07-27,2.355,0.0,0.0,1,3,0.0,0.0,0.0,0.0
2021-07-28,2.345,2.365,2.395,2.345,308385.0,,0.424628450106157,600170.SH,600170,2021-07-28,2.355,0.424628450106157,0.0,1,3,0.0,0.0,0.0,0.0
2021-07-29,2.365,2.335,2.365,2.335,150403.0,,-1.268498942917562,600170.SH,600170,2021-07-29,2.365,-1.268498942917562,0.0,1,3,0.0,0.0,0.0,0.0
2021-07-30,2.335,2.355,2.355,2.325,191399.0,,0.8565310492505418,600170.SH,600170,2021-07-30,2.335,0.8565310492505418,0.0,1,3,0.0,0.0,0.0,0.0
2021-08-02,2.355,2.365,2.375,2.335,202171.0,,0.424628450106157,600170.SH,600170,2021-08-02,2.355,0.424628450106157,0.0,1,3,0.0,0.0,0.0,0.0
2021-08-03,2.365,2.375,2.375,2.345,202528.0,,0.4228329809724984,600170.SH,600170,2021-08-03,2.365,0.4228329809724984,0.0,1,3,0.0,0.0,0.0,0.0
2021-08-04,2.375,2.355,2.375,2.355,157559.0,,-0.8421052631578996,600170.SH,600170,2021-08-04,2.375,-0.8421052631578996,0.0,1,3,0.0,0.0,0.0,0.0
2021-08-05,2.355,2.345,2.365,2.335,162576.0,,-0.4246284501061459,600170.SH,600170,2021-08-05,2.355,-0.4246284501061459,0.0,1,3,0.0,0.0,0.0,0.0
2021-08-06,2.345,2.335,2.345,2.325,128108.0,,-0.4264392324093924,600170.SH,600170,2021-08-06,2.345,-0.4264392324093924,0.0,1,3,0.0,0.0,0.0,0.0
2021-08-09,2.325,2.365,2.365,2.325,167422.0,,1.2847965738758127,600170.SH,600170,2021-08-09,2.335,1.2847965738758127,0.0,1,3,0.0,0.0,0.0,0.0
2021-08-10,2.365,2.355,2.365,2.355,115229.0,,-0.4228329809725206,600170.SH,600170,2021-08-10,2.365,-0.4228329809725206,0.0,1,3,0.0,0.0,0.0,0.0
2021-08-11,2.355,2.365,2.395,2.355,249731.0,,0.424628450106157,600170.SH,600170,2021-08-11,2.355,0.424628450106157,0.0,1,3,0.0,0.0,0.0,0.0
2021-08-12,2.365,2.375,2.375,2.365,113238.0,,0.4228329809724984,600170.SH,600170,2021-08-12,2.365,0.4228329809724984,0.0,1,3,0.0,0.0,0.0,0.0
2021-08-13,2.375,2.375,2.395,2.375,192579.0,,0.0,600170.SH,600170,2021-08-13,2.375,0.0,0.0,1,3,0.0,0.0,0.0,0.0
2021-08-16,2.385,2.385,2.395,2.375,162842.0,,0.4210526315789442,600170.SH,600170,2021-08-16,2.375,0.4210526315789442,0.0,1,3,0.0,0.0,0.0,0.0
2021-08-17,2.385,2.385,2.405,2.375,257016.0,,0.0,600170.SH,600170,2021-08-17,2.385,0.0,0.0,1,3,0.0,0.0,0.0,0.0
2021-08-18,2.375,2.395,2.395,2.375,192251.0,,0.4192872117400492,600170.SH,600170,2021-08-18,2.385,0.4192872117400492,0.0,1,3,0.0,0.0,0.0,0.0
2021-08-19,2.395,2.365,2.395,2.355,210058.0,,-1.2526096033402825,600170.SH,600170,2021-08-19,2.395,-1.2526096033402825,0.0,1,3,0.0,0.0,0.0,0.0
2021-08-20,2.365,2.355,2.365,2.345,151979.0,,-0.4228329809725206,600170.SH,600170,2021-08-20,2.365,-0.4228329809725206,0.0,1,3,0.0,0.0,0.0,0.0
2021-08-23,2.355,2.365,2.375,2.355,135059.0,,0.424628450106157,600170.SH,600170,2021-08-23,2.355,0.424628450106157,0.0,1,3,0.0,0.0,0.0,0.0
2021-08-24,2.365,2.365,2.375,2.355,127573.0,,0.0,600170.SH,600170,2021-08-24,2.365,0.0,0.0,1,3,0.0,0.0,0.0,0.0
2021-08-25,2.365,2.365,2.375,2.355,174239.0,,0.0,600170.SH,600170,2021-08-25,2.365,0.0,0.0,1,3,0.0,0.0,0.0,0.0
2021-08-26,2.375,2.395,2.425,2.365,393043.0,,1.2684989429175395,600170.SH,600170,2021-08-26,2.365,1.2684989429175395,0.0,1,3,0.0,0.0,0.0,0.0
2021-08-27,2.395,2.405,2.405,2.385,182153.0,,0.4175365344467607,600170.SH,600170,2021-08-27,2.395,0.4175365344467607,0.0,1,3,0.0,0.0,0.0,0.0
2021-08-30,2.405,2.395,2.425,2.395,187133.0,,-0.4158004158004047,600170.SH,600170,2021-08-30,2.405,-0.4158004158004047,0.0,1,3,0.0,0.0,0.0,0.0
2021-08-31,2.395,2.455,2.465,2.395,425325.0,,2.5052192066805867,600170.SH,600170,2021-08-31,2.395,2.5052192066805867,0.0,1,3,0.0,0.0,0.0,0.0
2021-09-01,2.465,2.505,2.525,2.465,584960.0,,2.0366598778003957,600170.SH,600170,2021-09-01,2.455,2.0366598778003957,0.0,1,3,0.0,0.0,0.0,0.0
2021-09-02,2.505,2.535,2.535,2.495,465919.0,,1.1976047904191711,600170.SH,600170,2021-09-02,2.505,1.1976047904191711,0.0,1,3,0.0,0.0,0.0,0.0
2021-09-03,2.525,2.545,2.575,2.525,535354.0,,0.3944773175542426,600170.SH,600170,2021-09-03,2.535,0.3944773175542426,0.0,1,3,0.0,0.0,0.0,0.0
2021-09-06,2.565,2.565,2.595,2.545,489628.0,,0.7858546168958647,600170.SH,600170,2021-09-06,2.545,0.7858546168958647,0.0,1,3,0.0,0.0,0.0,0.0
2021-09-07,2.565,2.615,2.615,2.555,460909.0,,1.949317738791434,600170.SH,600170,2021-09-07,2.565,1.949317738791434,0.0,1,3,0.0,0.0,0.0,0.0
2021-09-08,2.615,2.635,2.635,2.605,452213.0,,0.7648183556405286,600170.SH,600170,2021-09-08,2.615,0.7648183556405286,0.0,1,3,0.0,0.0,0.0,0.0
2021-09-09,2.655,2.745,2.755,2.645,816843.0,,4.174573055028485,600170.SH,600170,2021-09-09,2.635,4.174573055028485,0.0,1,3,0.0,0.0,0.0,0.0
2021-09-10,2.755,2.725,2.855,2.715,1154317.0,,-0.7285974499089298,600170.SH,600170,2021-09-10,2.745,-0.7285974499089298,0.0,1,3,0.0,0.0,0.0,0.0
2021-09-13,2.725,2.805,2.815,2.715,682700.0,,2.9357798165137616,600170.SH,600170,2021-09-13,2.725,2.9357798165137616,0.0,1,3,0.0,0.0,0.0,0.0
2021-09-14,2.805,2.715,2.835,2.685,763447.0,,-3.208556149732633,600170.SH,600170,2021-09-14,2.805,-3.208556149732633,0.0,1,3,0.0,0.0,0.0,0.0
2021-09-15,2.695,2.705,2.735,2.685,508827.0,,-0.3683241252301905,600170.SH,600170,2021-09-15,2.715,-0.3683241252301905,0.0,1,3,0.0,0.0,0.0,0.0
2021-09-16,2.725,2.725,2.785,2.705,509127.0,,0.7393715341959428,600170.SH,600170,2021-09-16,2.705,0.7393715341959428,0.0,1,3,0.0,0.0,0.0,0.0
2021-09-17,2.725,2.675,2.735,2.635,529550.0,,-1.834862385321112,600170.SH,600170,2021-09-17,2.725,-1.834862385321112,0.0,1,3,0.0,0.0,0.0,0.0
2021-09-22,2.645,2.975,2.975,2.635,2689030.0,,11.21495327102804,600170.SH,600170,2021-09-22,2.675,11.21495327102804,0.0,1,3,0.0,0.0,0.0,0.0
2021-09-23,3.305,3.305,3.305,3.175,3122023.0,,11.09243697478992,600170.SH,600170,2021-09-23,2.975,11.09243697478992,0.0,1,3,0.0,0.0,0.0,0.0
2021-09-24,3.665,3.665,3.665,3.605,3592394.0,,10.89258698940998,600170.SH,600170,2021-09-24,3.305,10.89258698940998,0.0,1,3,0.0,0.0,0.0,0.0
2021-09-27,3.765,3.275,3.775,3.265,6949778.0,,-10.6412005457026,600170.SH,600170,2021-09-27,3.665,-10.6412005457026,0.0,1,3,0.0,0.0,0.0,0.0
2021-09-28,3.255,3.635,3.635,3.245,2240161.0,,10.992366412213729,600170.SH,600170,2021-09-28,3.275,10.992366412213729,0.0,1,3,0.0,0.0,0.0,0.0
2021-09-29,3.635,3.885,4.025,3.495,6938981.0,,6.877579092159558,600170.SH,600170,2021-09-29,3.635,6.877579092159558,0.0,1,3,0.0,0.0,0.0,0.0
2021-09-30,3.685,3.785,3.885,3.465,4675368.0,,-2.574002574002565,600170.SH,600170,2021-09-30,3.885,-2.574002574002565,0.0,1,3,0.0,0.0,0.0,0.0
2021-10-08,3.685,3.535,3.795,3.415,3049716.0,,-6.605019815059443,600170.SH,600170,2021-10-08,3.785,-6.605019815059443,0.0,1,3,0.0,0.0,0.0,0.0
2021-10-11,3.485,3.155,3.545,3.155,2626792.0,,-10.749646393210757,600170.SH,600170,2021-10-11,3.535,-10.749646393210757,0.0,1,3,0.0,0.0,0.0,0.0
2021-10-12,3.085,3.035,3.205,2.965,2007857.0,,-3.803486529318534,600170.SH,600170,2021-10-12,3.155,-3.803486529318534,0.0,1,3,0.0,0.0,0.0,0.0
2021-10-13,3.005,2.885,3.005,2.845,1627706.0,,-4.942339373970361,600170.SH,600170,2021-10-13,3.035,-4.942339373970361,0.0,1,3,0.0,0.0,0.0,0.0
2021-10-14,2.885,2.915,2.985,2.875,1233267.0,,1.0398613518197708,600170.SH,600170,2021-10-14,2.885,1.0398613518197708,0.0,1,3,0.0,0.0,0.0,0.0
2021-10-15,2.915,2.835,2.925,2.765,1372656.0,,-2.7444253859348238,600170.SH,600170,2021-10-15,2.915,-2.7444253859348238,0.0,1,3,0.0,0.0,0.0,0.0
2021-10-18,2.825,2.855,2.895,2.805,901447.0,,0.7054673721340388,600170.SH,600170,2021-10-18,2.835,0.7054673721340388,0.0,1,3,0.0,0.0,0.0,0.0
2021-10-19,2.875,2.965,3.005,2.815,1711364.0,,3.852889667250437,600170.SH,600170,2021-10-19,2.855,3.852889667250437,0.0,1,3,0.0,0.0,0.0,0.0
2021-10-20,2.965,2.965,3.015,2.885,1064192.0,,0.0,600170.SH,600170,2021-10-20,2.965,0.0,0.0,1,3,0.0,0.0,0.0,0.0
2021-10-21,2.945,2.945,2.995,2.915,897084.0,,-0.6745362563237767,600170.SH,600170,2021-10-21,2.965,-0.6745362563237767,0.0,1,3,0.0,0.0,0.0,0.0
2021-10-22,2.985,2.985,3.115,2.965,1489010.0,,1.35823429541595,600170.SH,600170,2021-10-22,2.945,1.35823429541595,0.0,1,3,0.0,0.0,0.0,0.0
2021-10-25,2.955,3.005,3.075,2.895,1134122.0,,0.670016750418756,600170.SH,600170,2021-10-25,2.985,0.670016750418756,0.0,1,3,0.0,0.0,0.0,0.0
2021-10-26,2.965,2.915,3.015,2.865,1406895.0,,-2.9950083194675514,600170.SH,600170,2021-10-26,3.005,-2.9950083194675514,0.0,1,3,0.0,0.0,0.0,0.0
2021-10-27,2.895,2.945,3.085,2.895,1094620.0,,1.0291595197255532,600170.SH,600170,2021-10-27,2.915,1.0291595197255532,0.0,1,3,0.0,0.0,0.0,0.0
2021-10-28,2.955,2.855,2.985,2.835,1022473.0,,-3.056027164685904,600170.SH,600170,2021-10-28,2.945,-3.056027164685904,0.0,1,3,0.0,0.0,0.0,0.0
2021-10-29,2.865,2.955,3.015,2.845,1066408.0,,3.5026269702276736,600170.SH,600170,2021-10-29,2.855,3.5026269702276736,0.0,1,3,0.0,0.0,0.0,0.0
2021-11-01,2.985,3.055,3.085,2.935,1183145.0,,3.384094754653133,600170.SH,600170,2021-11-01,2.955,3.384094754653133,0.0,1,3,0.0,0.0,0.0,0.0
2021-11-02,3.055,2.895,3.065,2.845,1424488.0,,-5.237315875613757,600170.SH,600170,2021-11-02,3.055,-5.237315875613757,0.0,1,3,0.0,0.0,0.0,0.0
2021-11-03,2.885,2.995,3.055,2.875,1136050.0,,3.4542314335060498,600170.SH,600170,2021-11-03,2.895,3.4542314335060498,0.0,1,3,0.0,0.0,0.0,0.0
2021-11-04,3.025,2.965,3.055,2.925,1085203.0,,-1.00166944908181,600170.SH,600170,2021-11-04,2.995,-1.00166944908181,0.0,1,3,0.0,0.0,0.0,0.0
2021-11-05,2.965,2.895,2.965,2.875,798636.0,,-2.360876897133213,600170.SH,600170,2021-11-05,2.965,-2.360876897133213,0.0,1,3,0.0,0.0,0.0,0.0
2021-11-08,2.895,2.905,2.915,2.845,534658.0,,0.3454231433505983,600170.SH,600170,2021-11-08,2.895,0.3454231433505983,0.0,1,3,0.0,0.0,0.0,0.0
2021-11-09,2.905,2.865,2.945,2.855,549826.0,,-1.376936316695343,600170.SH,600170,2021-11-09,2.905,-1.376936316695343,0.0,1,3,0.0,0.0,0.0,0.0
2021-11-10,2.855,2.865,2.885,2.815,725987.0,,0.0,600170.SH,600170,2021-11-10,2.865,0.0,0.0,1,3,0.0,0.0,0.0,0.0
2021-11-11,2.855,2.875,2.915,2.845,604842.0,,0.3490401396160525,600170.SH,600170,2021-11-11,2.865,0.3490401396160525,0.0,1,3,0.0,0.0,0.0,0.0
2021-11-12,2.865,2.815,2.885,2.805,834935.0,,-2.086956521739136,600170.SH,600170,2021-11-12,2.875,-2.086956521739136,0.0,1,3,0.0,0.0,0.0,0.0
2021-11-15,2.805,2.785,2.835,2.765,655824.0,,-1.0657193605683737,600170.SH,600170,2021-11-15,2.815,-1.0657193605683737,0.0,1,3,0.0,0.0,0.0,0.0
2021-11-16,2.795,2.795,2.845,2.785,635481.0,,0.3590664272890453,600170.SH,600170,2021-11-16,2.785,0.3590664272890453,0.0,1,3,0.0,0.0,0.0,0.0
2021-11-17,2.785,2.775,2.795,2.765,436656.0,,-0.7155635062611854,600170.SH,600170,2021-11-17,2.795,-0.7155635062611854,0.0,1,3,0.0,0.0,0.0,0.0
2021-11-18,2.775,2.775,2.825,2.765,454659.0,,0.0,600170.SH,600170,2021-11-18,2.775,0.0,0.0,1,3,0.0,0.0,0.0,0.0
2021-11-19,2.785,2.775,2.785,2.745,790221.0,,0.0,600170.SH,600170,2021-11-19,2.775,0.0,0.0,1,3,0.0,0.0,0.0,0.0
2021-11-22,2.785,2.875,2.915,2.785,1223113.0,,3.603603603603611,600170.SH,600170,2021-11-22,2.775,3.603603603603611,0.0,1,3,0.0,0.0,0.0,0.0
2021-11-23,2.865,2.855,2.895,2.845,599810.0,,-0.6956521739130417,600170.SH,600170,2021-11-23,2.875,-0.6956521739130417,0.0,1,3,0.0,0.0,0.0,0.0
2021-11-24,2.875,2.815,2.885,2.785,688877.0,,-1.401050788091074,600170.SH,600170,2021-11-24,2.855,-1.401050788091074,0.0,1,3,0.0,0.0,0.0,0.0
2021-11-25,2.815,2.835,2.855,2.795,481456.0,,0.7104795737122638,600170.SH,600170,2021-11-25,2.815,0.7104795737122638,0.0,1,3,0.0,0.0,0.0,0.0
2021-11-26,2.835,2.785,2.835,2.775,534960.0,,-1.7636684303350858,600170.SH,600170,2021-11-26,2.835,-1.7636684303350858,0.0,1,3,0.0,0.0,0.0,0.0
2021-11-29,2.745,2.785,2.795,2.735,545311.0,,0.0,600170.SH,600170,2021-11-29,2.785,0.0,0.0,1,3,0.0,0.0,0.0,0.0
2021-11-30,2.775,2.785,2.905,2.765,970839.0,,0.0,600170.SH,600170,2021-11-30,2.785,0.0,0.0,1,3,0.0,0.0,0.0,0.0
2021-12-01,2.825,2.895,2.905,2.785,928489.0,,3.949730700179521,600170.SH,600170,2021-12-01,2.785,3.949730700179521,0.0,1,3,0.0,0.0,0.0,0.0
2021-12-02,2.905,2.905,2.915,2.865,741561.0,,0.3454231433505983,600170.SH,600170,2021-12-02,2.895,0.3454231433505983,0.0,1,3,0.0,0.0,0.0,0.0
2021-12-03,2.905,3.085,3.105,2.885,1629795.0,,6.196213425129105,600170.SH,600170,2021-12-03,2.905,6.196213425129105,0.0,1,3,0.0,0.0,0.0,0.0
2021-12-06,3.145,3.035,3.165,3.015,1150663.0,,-1.620745542949753,600170.SH,600170,2021-12-06,3.085,-1.620745542949753,0.0,1,3,0.0,0.0,0.0,0.0
2021-12-07,3.045,3.075,3.105,3.015,932679.0,,1.317957166392092,600170.SH,600170,2021-12-07,3.035,1.317957166392092,0.0,1,3,0.0,0.0,0.0,0.0
2021-12-08,3.055,3.025,3.065,2.985,923459.0,,-1.6260162601626105,600170.SH,600170,2021-12-08,3.075,-1.6260162601626105,0.0,1,3,0.0,0.0,0.0,0.0
2021-12-09,3.025,3.005,3.035,2.995,650185.0,,-0.6611570247933907,600170.SH,600170,2021-12-09,3.025,-0.6611570247933907,0.0,1,3,0.0,0.0,0.0,0.0
2021-12-10,3.005,2.995,3.075,2.975,940537.0,,-0.3327787021630501,600170.SH,600170,2021-12-10,3.005,-0.3327787021630501,0.0,1,3,0.0,0.0,0.0,0.0
2021-12-13,3.025,3.005,3.105,2.995,1043540.0,,0.3338898163605996,600170.SH,600170,2021-12-13,2.995,0.3338898163605996,0.0,1,3,0.0,0.0,0.0,0.0
2021-12-14,2.995,2.935,3.015,2.915,874709.0,,-2.329450915141429,600170.SH,600170,2021-12-14,3.005,-2.329450915141429,0.0,1,3,0.0,0.0,0.0,0.0
2021-12-15,2.965,2.975,2.995,2.925,607703.0,,1.362862010221466,600170.SH,600170,2021-12-15,2.935,1.362862010221466,0.0,1,3,0.0,0.0,0.0,0.0
2021-12-16,3.005,3.035,3.065,2.975,935237.0,,2.0168067226890685,600170.SH,600170,2021-12-16,2.975,2.0168067226890685,0.0,1,3,0.0,0.0,0.0,0.0
2021-12-17,3.035,3.375,3.375,3.035,2672716.0,,11.20263591433277,600170.SH,600170,2021-12-17,3.035,11.20263591433277,0.0,1,3,0.0,0.0,0.0,0.0
2021-12-20,3.375,3.275,3.385,3.215,3477275.0,,-2.9629629629629672,600170.SH,600170,2021-12-20,3.375,-2.9629629629629672,0.0,1,3,0.0,0.0,0.0,0.0
2021-12-21,3.295,3.335,3.445,3.245,2040419.0,,1.832061068702284,600170.SH,600170,2021-12-21,3.275,1.832061068702284,0.0,1,3,0.0,0.0,0.0,0.0
2021-12-22,3.325,3.305,3.395,3.265,1331135.0,,-0.8995502248875464,600170.SH,600170,2021-12-22,3.335,-0.8995502248875464,0.0,1,3,0.0,0.0,0.0,0.0
2021-12-23,3.305,3.305,3.355,3.275,995659.0,,0.0,600170.SH,600170,2021-12-23,3.305,0.0,0.0,1,3,0.0,0.0,0.0,0.0
2021-12-24,3.305,3.325,3.425,3.245,1396236.0,,0.605143721633894,600170.SH,600170,2021-12-24,3.305,0.605143721633894,0.0,1,3,0.0,0.0,0.0,0.0
2021-12-27,3.315,3.265,3.315,3.235,818747.0,,-1.8045112781954864,600170.SH,600170,2021-12-27,3.325,-1.8045112781954864,0.0,1,3,0.0,0.0,0.0,0.0
2021-12-28,3.265,3.225,3.285,3.165,960297.0,,-1.2251148545176171,600170.SH,600170,2021-12-28,3.265,-1.2251148545176171,0.0,1,3,0.0,0.0,0.0,0.0
2021-12-29,3.245,3.245,3.295,3.195,797723.0,,0.6201550387596955,600170.SH,600170,2021-12-29,3.225,0.6201550387596955,0.0,1,3,0.0,0.0,0.0,0.0
2021-12-30,3.245,3.315,3.345,3.235,1015157.0,,2.15716486902926,600170.SH,600170,2021-12-30,3.245,2.15716486902926,0.0,1,3,0.0,0.0,0.0,0.0
2021-12-31,3.335,3.285,3.445,3.265,1163991.0,,-0.9049773755656076,600170.SH,600170,2021-12-31,3.315,-0.9049773755656076,0.0,1,3,0.0,0.0,0.0,0.0
2022-01-04,3.295,3.265,3.365,3.255,1036113.0,,-0.60882800608828,600170.SH,600170,2022-01-04,3.285,-0.60882800608828,0.0,1,3,0.0,0.0,0.0,0.0
2022-01-05,3.265,3.215,3.295,3.205,960035.0,,-1.5313935681470214,600170.SH,600170,2022-01-05,3.265,-1.5313935681470214,0.0,1,3,0.0,0.0,0.0,0.0
2022-01-06,3.215,3.325,3.375,3.205,1475096.0,,3.4214618973561484,600170.SH,600170,2022-01-06,3.215,3.4214618973561484,0.0,1,3,0.0,0.0,0.0,0.0
2022-01-07,3.315,3.345,3.405,3.305,1225377.0,,0.6015037593984918,600170.SH,600170,2022-01-07,3.325,0.6015037593984918,0.0,1,3,0.0,0.0,0.0,0.0
2022-01-10,3.345,3.355,3.395,3.295,1165228.0,,0.2989536621823552,600170.SH,600170,2022-01-10,3.345,0.2989536621823552,0.0,1,3,0.0,0.0,0.0,0.0
2022-01-11,3.355,3.315,3.545,3.285,1487650.0,,-1.1922503725782407,600170.SH,600170,2022-01-11,3.355,-1.1922503725782407,0.0,1,3,0.0,0.0,0.0,0.0
2022-01-12,3.285,3.275,3.305,3.215,865732.0,,-1.2066365007541435,600170.SH,600170,2022-01-12,3.315,-1.2066365007541435,0.0,1,3,0.0,0.0,0.0,0.0
2022-01-13,3.285,3.205,3.305,3.195,709865.0,,-2.1374045801526687,600170.SH,600170,2022-01-13,3.275,-2.1374045801526687,0.0,1,3,0.0,0.0,0.0,0.0
2022-01-14,3.205,3.085,3.205,3.045,1046103.0,,-3.744149765990645,600170.SH,600170,2022-01-14,3.205,-3.744149765990645,0.0,1,3,0.0,0.0,0.0,0.0
2022-01-17,3.045,3.045,3.085,3.015,653902.0,,-1.296596434359809,600170.SH,600170,2022-01-17,3.085,-1.296596434359809,0.0,1,3,0.0,0.0,0.0,0.0
2022-01-18,3.045,3.125,3.165,2.985,943211.0,,2.6272577996715896,600170.SH,600170,2022-01-18,3.045,2.6272577996715896,0.0,1,3,0.0,0.0,0.0,0.0
2022-01-19,3.125,3.205,3.275,3.085,1141656.0,,2.5600000000000067,600170.SH,600170,2022-01-19,3.125,2.5600000000000067,0.0,1,3,0.0,0.0,0.0,0.0
2022-01-20,3.185,3.205,3.255,3.165,813757.0,,0.0,600170.SH,600170,2022-01-20,3.205,0.0,0.0,1,3,0.0,0.0,0.0,0.0
2022-01-21,3.175,3.105,3.195,3.095,548559.0,,-3.120124804992197,600170.SH,600170,2022-01-21,3.205,-3.120124804992197,0.0,1,3,0.0,0.0,0.0,0.0
2022-01-24,3.075,3.135,3.175,3.055,621229.0,,0.9661835748792312,600170.SH,600170,2022-01-24,3.105,0.9661835748792312,0.0,1,3,0.0,0.0,0.0,0.0
2022-01-25,3.135,2.985,3.135,2.985,679464.0,,-4.784688995215314,600170.SH,600170,2022-01-25,3.135,-4.784688995215314,0.0,1,3,0.0,0.0,0.0,0.0
2022-01-26,3.015,3.045,3.075,2.965,611846.0,,2.01005025125629,600170.SH,600170,2022-01-26,2.985,2.01005025125629,0.0,1,3,0.0,0.0,0.0,0.0
2022-01-27,3.045,3.005,3.095,2.995,653072.0,,-1.3136288998357948,600170.SH,600170,2022-01-27,3.045,-1.3136288998357948,0.0,1,3,0.0,0.0,0.0,0.0
2022-01-28,3.055,2.975,3.055,2.915,632798.0,,-0.9983361064891728,600170.SH,600170,2022-01-28,3.005,-0.9983361064891728,0.0,1,3,0.0,0.0,0.0,0.0
2022-02-07,3.005,3.165,3.195,3.005,941069.0,,6.386554621848739,600170.SH,600170,2022-02-07,2.975,6.386554621848739,0.0,1,3,0.0,0.0,0.0,0.0
2022-02-08,3.185,3.275,3.275,3.145,1025003.0,,3.475513428120069,600170.SH,600170,2022-02-08,3.165,3.475513428120069,0.0,1,3,0.0,0.0,0.0,0.0
2022-02-09,3.275,3.295,3.325,3.255,862435.0,,0.6106870229007688,600170.SH,600170,2022-02-09,3.275,0.6106870229007688,0.0,1,3,0.0,0.0,0.0,0.0
2022-02-10,3.285,3.335,3.375,3.235,1104077.0,,1.2139605462822445,600170.SH,600170,2022-02-10,3.295,1.2139605462822445,0.0,1,3,0.0,0.0,0.0,0.0
2022-02-11,3.325,3.285,3.405,3.275,947048.0,,-1.4992503748125885,600170.SH,600170,2022-02-11,3.335,-1.4992503748125885,0.0,1,3,0.0,0.0,0.0,0.0
2022-02-14,3.275,3.225,3.315,3.205,750129.0,,-1.82648401826484,600170.SH,600170,2022-02-14,3.285,-1.82648401826484,0.0,1,3,0.0,0.0,0.0,0.0
2022-02-15,3.235,3.205,3.265,3.185,521544.0,,-0.6201550387596955,600170.SH,600170,2022-02-15,3.225,-0.6201550387596955,0.0,1,3,0.0,0.0,0.0,0.0
2022-02-16,3.235,3.365,3.395,3.225,1226691.0,,4.99219968798752,600170.SH,600170,2022-02-16,3.205,4.99219968798752,0.0,1,3,0.0,0.0,0.0,0.0
2022-02-17,3.385,3.285,3.395,3.265,902396.0,,-2.377414561664193,600170.SH,600170,2022-02-17,3.365,-2.377414561664193,0.0,1,3,0.0,0.0,0.0,0.0
2022-02-18,3.245,3.425,3.465,3.225,1857229.0,,4.26179604261796,600170.SH,600170,2022-02-18,3.285,4.26179604261796,0.0,1,3,0.0,0.0,0.0,0.0
2022-02-21,3.425,3.385,3.425,3.295,1842388.0,,-1.167883211678833,600170.SH,600170,2022-02-21,3.425,-1.167883211678833,0.0,1,3,0.0,0.0,0.0,0.0
2022-02-22,3.345,3.275,3.345,3.235,1405608.0,,-3.249630723781382,600170.SH,600170,2022-02-22,3.385,-3.249630723781382,0.0,1,3,0.0,0.0,0.0,0.0
2022-02-23,3.285,3.155,3.295,3.135,1748885.0,,-3.66412213740458,600170.SH,600170,2022-02-23,3.275,-3.66412213740458,0.0,1,3,0.0,0.0,0.0,0.0
2022-02-24,3.125,2.995,3.125,2.965,1691583.0,,-5.071315372424712,600170.SH,600170,2022-02-24,3.155,-5.071315372424712,0.0,1,3,0.0,0.0,0.0,0.0
2022-02-25,3.015,3.005,3.075,2.995,1071402.0,,0.3338898163605996,600170.SH,600170,2022-02-25,2.995,0.3338898163605996,0.0,1,3,0.0,0.0,0.0,0.0
2022-02-28,2.995,2.945,3.015,2.925,878212.0,,-1.996672212978368,600170.SH,600170,2022-02-28,3.005,-1.996672212978368,0.0,1,3,0.0,0.0,0.0,0.0
2022-03-01,2.945,2.975,2.995,2.945,744557.0,,1.018675721561979,600170.SH,600170,2022-03-01,2.945,1.018675721561979,0.0,1,3,0.0,0.0,0.0,0.0
2022-03-02,2.955,2.985,3.005,2.945,649784.0,,0.3361344537815114,600170.SH,600170,2022-03-02,2.975,0.3361344537815114,0.0,1,3,0.0,0.0,0.0,0.0
2022-03-03,2.985,3.055,3.085,2.985,1013675.0,,2.345058626465679,600170.SH,600170,2022-03-03,2.985,2.345058626465679,0.0,1,3,0.0,0.0,0.0,0.0
2022-03-04,3.035,3.005,3.055,2.985,668044.0,,-1.6366612111293088,600170.SH,600170,2022-03-04,3.055,-1.6366612111293088,0.0,1,3,0.0,0.0,0.0,0.0
2022-03-07,2.995,2.995,3.045,2.985,698533.0,,-0.3327787021630501,600170.SH,600170,2022-03-07,3.005,-0.3327787021630501,0.0,1,3,0.0,0.0,0.0,0.0
2022-03-08,2.985,2.905,3.005,2.885,837321.0,,-3.005008347245419,600170.SH,600170,2022-03-08,2.995,-3.005008347245419,0.0,1,3,0.0,0.0,0.0,0.0
2022-03-09,2.915,2.895,2.965,2.735,924171.0,,-0.344234079173833,600170.SH,600170,2022-03-09,2.905,-0.344234079173833,0.0,1,3,0.0,0.0,0.0,0.0
2022-03-10,2.945,2.925,2.975,2.885,659612.0,,1.0362694300518172,600170.SH,600170,2022-03-10,2.895,1.0362694300518172,0.0,1,3,0.0,0.0,0.0,0.0
2022-03-11,2.865,2.885,2.885,2.775,767100.0,,-1.3675213675213738,600170.SH,600170,2022-03-11,2.925,-1.3675213675213738,0.0,1,3,0.0,0.0,0.0,0.0
2022-03-14,2.845,2.815,2.915,2.815,607444.0,,-2.426343154246091,600170.SH,600170,2022-03-14,2.885,-2.426343154246091,0.0,1,3,0.0,0.0,0.0,0.0
2022-03-15,2.825,2.625,2.825,2.625,1092485.0,,-6.749555950266428,600170.SH,600170,2022-03-15,2.815,-6.749555950266428,0.0,1,3,0.0,0.0,0.0,0.0
2022-03-16,2.675,2.685,2.705,2.535,961630.0,,2.285714285714291,600170.SH,600170,2022-03-16,2.625,2.285714285714291,0.0,1,3,0.0,0.0,0.0,0.0
2022-03-17,2.715,2.705,2.755,2.695,706121.0,,0.7448789571694592,600170.SH,600170,2022-03-17,2.685,0.7448789571694592,0.0,1,3,0.0,0.0,0.0,0.0
2022-03-18,2.685,2.795,2.805,2.665,779436.0,,3.3271719038816983,600170.SH,600170,2022-03-18,2.705,3.3271719038816983,0.0,1,3,0.0,0.0,0.0,0.0
2022-03-21,2.785,2.765,2.825,2.735,627051.0,,-1.073345259391767,600170.SH,600170,2022-03-21,2.795,-1.073345259391767,0.0,1,3,0.0,0.0,0.0,0.0
2022-03-22,2.765,2.805,2.825,2.745,625972.0,,1.446654611211584,600170.SH,600170,2022-03-22,2.765,1.446654611211584,0.0,1,3,0.0,0.0,0.0,0.0
2022-03-23,2.805,2.805,2.825,2.755,578529.0,,0.0,600170.SH,600170,2022-03-23,2.805,0.0,0.0,1,3,0.0,0.0,0.0,0.0
2022-03-24,2.785,2.765,2.815,2.755,427555.0,,-1.426024955436722,600170.SH,600170,2022-03-24,2.805,-1.426024955436722,0.0,1,3,0.0,0.0,0.0,0.0
2022-03-25,2.775,2.785,2.825,2.735,674812.0,,0.723327305605781,600170.SH,600170,2022-03-25,2.765,0.723327305605781,0.0,1,3,0.0,0.0,0.0,0.0
2022-03-28,2.765,2.835,2.855,2.725,745754.0,,1.7953321364452268,600170.SH,600170,2022-03-28,2.785,1.7953321364452268,0.0,1,3,0.0,0.0,0.0,0.0
2022-03-29,2.825,2.815,2.835,2.795,454216.0,,-0.7054673721340388,600170.SH,600170,2022-03-29,2.835,-0.7054673721340388,0.0,1,3,0.0,0.0,0.0,0.0
2022-03-30,2.815,2.915,2.925,2.815,870570.0,,3.5523978685612745,600170.SH,600170,2022-03-30,2.815,3.5523978685612745,0.0,1,3,0.0,0.0,0.0,0.0
2022-03-31,2.895,2.945,2.965,2.885,761209.0,,1.0291595197255532,600170.SH,600170,2022-03-31,2.915,1.0291595197255532,0.0,1,3,0.0,0.0,0.0,0.0
2022-04-01,2.915,2.955,2.965,2.905,743161.0,,0.339558573853993,600170.SH,600170,2022-04-01,2.945,0.339558573853993,0.0,1,3,0.0,0.0,0.0,0.0
2022-04-06,2.965,3.075,3.075,2.945,1098618.0,,4.0609137055837685,600170.SH,600170,2022-04-06,2.955,4.0609137055837685,0.0,1,3,0.0,0.0,0.0,0.0
2022-04-07,3.055,2.985,3.075,2.965,907475.0,,-2.9268292682926966,600170.SH,600170,2022-04-07,3.075,-2.9268292682926966,0.0,1,3,0.0,0.0,0.0,0.0
2022-04-08,3.005,3.125,3.145,2.995,1885193.0,,4.690117252931336,600170.SH,600170,2022-04-08,2.985,4.690117252931336,0.0,1,3,0.0,0.0,0.0,0.0
2022-04-11,3.145,3.095,3.145,3.055,1442942.0,,-0.9599999999999942,600170.SH,600170,2022-04-11,3.125,-0.9599999999999942,0.0,1,3,0.0,0.0,0.0,0.0
2022-04-12,3.075,3.105,3.125,2.985,1282500.0,,0.3231017770597644,600170.SH,600170,2022-04-12,3.095,0.3231017770597644,0.0,1,3,0.0,0.0,0.0,0.0
2022-04-13,3.075,2.975,3.095,2.975,992064.0,,-4.186795491143314,600170.SH,600170,2022-04-13,3.105,-4.186795491143314,0.0,1,3,0.0,0.0,0.0,0.0
2022-04-14,2.995,3.025,3.065,2.975,748545.0,,1.680672268907557,600170.SH,600170,2022-04-14,2.975,1.680672268907557,0.0,1,3,0.0,0.0,0.0,0.0
2022-04-15,3.015,2.985,3.055,2.985,593197.0,,-1.3223140495867811,600170.SH,600170,2022-04-15,3.025,-1.3223140495867811,0.0,1,3,0.0,0.0,0.0,0.0
2022-04-18,2.995,2.935,3.005,2.925,621416.0,,-1.67504187604689,600170.SH,600170,2022-04-18,2.985,-1.67504187604689,0.0,1,3,0.0,0.0,0.0,0.0
2022-04-19,2.925,2.925,2.965,2.855,757914.0,,-0.3407155025553776,600170.SH,600170,2022-04-19,2.935,-0.3407155025553776,0.0,1,3,0.0,0.0,0.0,0.0
2022-04-20,2.915,2.815,2.935,2.805,702520.0,,-3.7606837606837584,600170.SH,600170,2022-04-20,2.925,-3.7606837606837584,0.0,1,3,0.0,0.0,0.0,0.0
2022-04-21,2.835,2.715,2.835,2.705,749047.0,,-3.5523978685612856,600170.SH,600170,2022-04-21,2.815,-3.5523978685612856,0.0,1,3,0.0,0.0,0.0,0.0
2022-04-22,2.715,2.765,2.785,2.675,544844.0,,1.8416206261510304,600170.SH,600170,2022-04-22,2.715,1.8416206261510304,0.0,1,3,0.0,0.0,0.0,0.0
2022-04-25,2.735,2.655,2.785,2.655,821873.0,,-3.97830018083184,600170.SH,600170,2022-04-25,2.765,-3.97830018083184,0.0,1,3,0.0,0.0,0.0,0.0
2022-04-26,2.665,2.735,2.825,2.645,876940.0,,3.0131826741996326,600170.SH,600170,2022-04-26,2.655,3.0131826741996326,0.0,1,3,0.0,0.0,0.0,0.0
2022-04-27,2.765,2.825,2.865,2.725,1039876.0,,3.290676416819016,600170.SH,600170,2022-04-27,2.735,3.290676416819016,0.0,1,3,0.0,0.0,0.0,0.0
2022-04-28,2.785,2.885,2.925,2.765,1103919.0,,2.123893805309729,600170.SH,600170,2022-04-28,2.825,2.123893805309729,0.0,1,3,0.0,0.0,0.0,0.0
2022-04-29,2.905,2.925,2.925,2.825,1136395.0,,1.3864818024263537,600170.SH,600170,2022-04-29,2.885,1.3864818024263537,0.0,1,3,0.0,0.0,0.0,0.0
2022-05-05,2.855,2.845,2.935,2.805,1559641.0,,-2.7350427350427253,600170.SH,600170,2022-05-05,2.925,-2.7350427350427253,0.0,1,3,0.0,0.0,0.0,0.0
2022-05-06,2.795,2.675,2.795,2.655,1197694.0,,-5.975395430579978,600170.SH,600170,2022-05-06,2.845,-5.975395430579978,0.0,1,3,0.0,0.0,0.0,0.0
2022-05-09,2.675,2.715,2.785,2.645,935282.0,,1.495327102803734,600170.SH,600170,2022-05-09,2.675,1.495327102803734,0.0,1,3,0.0,0.0,0.0,0.0
2022-05-10,2.675,2.915,2.935,2.665,1994119.0,,7.366482504604055,600170.SH,600170,2022-05-10,2.715,7.366482504604055,0.0,1,3,0.0,0.0,0.0,0.0
2022-05-11,2.945,2.865,2.945,2.835,1485532.0,,-1.715265866209259,600170.SH,600170,2022-05-11,2.915,-1.715265866209259,0.0,1,3,0.0,0.0,0.0,0.0
2022-05-12,2.865,2.925,3.035,2.825,1535893.0,,2.094240837696315,600170.SH,600170,2022-05-12,2.865,2.094240837696315,0.0,1,3,0.0,0.0,0.0,0.0
2022-05-13,2.895,2.875,2.945,2.825,965473.0,,-1.709401709401703,600170.SH,600170,2022-05-13,2.925,-1.709401709401703,0.0,1,3,0.0,0.0,0.0,0.0
2022-05-16,2.905,2.845,2.925,2.825,718499.0,,-1.043478260869557,600170.SH,600170,2022-05-16,2.875,-1.043478260869557,0.0,1,3,0.0,0.0,0.0,0.0
2022-05-17,2.835,2.765,2.845,2.725,843896.0,,-2.811950790861162,600170.SH,600170,2022-05-17,2.845,-2.811950790861162,0.0,1,3,0.0,0.0,0.0,0.0
2022-05-18,2.765,2.755,2.795,2.745,528791.0,,-0.3616636528029016,600170.SH,600170,2022-05-18,2.765,-0.3616636528029016,0.0,1,3,0.0,0.0,0.0,0.0
2022-05-19,2.725,2.775,2.785,2.705,562404.0,,0.7259528130671544,600170.SH,600170,2022-05-19,2.755,0.7259528130671544,0.0,1,3,0.0,0.0,0.0,0.0
2022-05-20,2.765,2.785,2.785,2.755,596503.0,,0.3603603603603789,600170.SH,600170,2022-05-20,2.775,0.3603603603603789,0.0,1,3,0.0,0.0,0.0,0.0
2022-05-23,2.785,2.755,2.795,2.745,439256.0,,-1.0771992818671583,600170.SH,600170,2022-05-23,2.785,-1.0771992818671583,0.0,1,3,0.0,0.0,0.0,0.0
2022-05-24,2.765,2.685,2.765,2.685,686812.0,,-2.5408348457350183,600170.SH,600170,2022-05-24,2.755,-2.5408348457350183,0.0,1,3,0.0,0.0,0.0,0.0
2022-05-25,2.685,2.725,2.735,2.675,480464.0,,1.4897579143389184,600170.SH,600170,2022-05-25,2.685,1.4897579143389184,0.0,1,3,0.0,0.0,0.0,0.0
2022-05-26,2.735,2.765,2.775,2.725,655383.0,,1.4678899082568808,600170.SH,600170,2022-05-26,2.725,1.4678899082568808,0.0,1,3,0.0,0.0,0.0,0.0
2022-05-27,2.765,2.835,2.875,2.735,1262799.0,,2.5316455696202445,600170.SH,600170,2022-05-27,2.765,2.5316455696202445,0.0,1,3,0.0,0.0,0.0,0.0
2022-05-30,2.925,2.875,2.985,2.845,1594614.0,,1.4109347442680775,600170.SH,600170,2022-05-30,2.835,1.4109347442680775,0.0,1,3,0.0,0.0,0.0,0.0
2022-05-31,2.835,2.825,2.855,2.785,1069721.0,,-1.7391304347825989,600170.SH,600170,2022-05-31,2.875,-1.7391304347825989,0.0,1,3,0.0,0.0,0.0,0.0
2022-06-01,2.825,2.775,2.855,2.755,817179.0,,-1.7699115044247926,600170.SH,600170,2022-06-01,2.825,-1.7699115044247926,0.0,1,3,0.0,0.0,0.0,0.0
2022-06-02,2.785,2.785,2.795,2.755,489442.0,,0.3603603603603789,600170.SH,600170,2022-06-02,2.775,0.3603603603603789,0.0,1,3,0.0,0.0,0.0,0.0
2022-06-06,2.775,2.765,2.775,2.725,589436.0,,-0.7181328545781018,600170.SH,600170,2022-06-06,2.785,-0.7181328545781018,0.0,1,3,0.0,0.0,0.0,0.0
2022-06-07,2.775,2.765,2.775,2.745,458997.0,,0.0,600170.SH,600170,2022-06-07,2.765,0.0,0.0,1,3,0.0,0.0,0.0,0.0
2022-06-08,2.765,2.755,2.775,2.725,538158.0,,-0.3616636528029016,600170.SH,600170,2022-06-08,2.765,-0.3616636528029016,0.0,1,3,0.0,0.0,0.0,0.0
2022-06-09,2.755,2.805,2.815,2.735,863931.0,,1.814882032667886,600170.SH,600170,2022-06-09,2.755,1.814882032667886,0.0,1,3,0.0,0.0,0.0,0.0
2022-06-10,2.795,2.775,2.805,2.765,800574.0,,-1.0695187165775444,600170.SH,600170,2022-06-10,2.805,-1.0695187165775444,0.0,1,3,0.0,0.0,0.0,0.0
2022-06-13,2.765,2.745,2.795,2.725,695929.0,,-1.08108108108107,600170.SH,600170,2022-06-13,2.775,-1.08108108108107,0.0,1,3,0.0,0.0,0.0,0.0
2022-06-14,2.725,2.775,2.775,2.715,549348.0,,1.0928961748633892,600170.SH,600170,2022-06-14,2.745,1.0928961748633892,0.0,1,3,0.0,0.0,0.0,0.0
2022-06-15,2.775,2.775,2.835,2.765,1232691.0,,0.0,600170.SH,600170,2022-06-15,2.775,0.0,0.0,1,3,0.0,0.0,0.0,0.0
2022-06-16,2.785,2.735,2.785,2.735,749500.0,,-1.4414414414414378,600170.SH,600170,2022-06-16,2.775,-1.4414414414414378,0.0,1,3,0.0,0.0,0.0,0.0
2022-06-17,2.725,2.745,2.745,2.715,511360.0,,0.365630712979903,600170.SH,600170,2022-06-17,2.735,0.365630712979903,0.0,1,3,0.0,0.0,0.0,0.0
2022-06-20,2.745,2.725,2.755,2.725,363258.0,,-0.7285974499089298,600170.SH,600170,2022-06-20,2.745,-0.7285974499089298,0.0,1,3,0.0,0.0,0.0,0.0
2022-06-21,2.725,2.745,2.755,2.725,437920.0,,0.7339449541284404,600170.SH,600170,2022-06-21,2.725,0.7339449541284404,0.0,1,3,0.0,0.0,0.0,0.0
2022-06-22,2.745,2.705,2.745,2.705,370992.0,,-1.4571948998178486,600170.SH,600170,2022-06-22,2.745,-1.4571948998178486,0.0,1,3,0.0,0.0,0.0,0.0
2022-06-23,2.705,2.705,2.725,2.695,576242.0,,0.0,600170.SH,600170,2022-06-23,2.705,0.0,0.0,1,3,0.0,0.0,0.0,0.0
2022-06-24,2.715,2.705,2.715,2.685,434109.0,,0.0,600170.SH,600170,2022-06-24,2.705,0.0,0.0,1,3,0.0,0.0,0.0,0.0
2022-06-27,2.705,2.695,2.715,2.695,333146.0,,-0.3696857670979714,600170.SH,600170,2022-06-27,2.705,-0.3696857670979714,0.0,1,3,0.0,0.0,0.0,0.0
2022-06-28,2.695,2.705,2.715,2.685,434703.0,,0.3710575139146632,600170.SH,600170,2022-06-28,2.695,0.3710575139146632,0.0,1,3,0.0,0.0,0.0,0.0
2022-06-29,2.705,2.725,2.735,2.695,522589.0,,0.7393715341959428,600170.SH,600170,2022-06-29,2.705,0.7393715341959428,0.0,1,3,0.0,0.0,0.0,0.0
2022-06-30,2.715,2.715,2.725,2.695,478556.0,,-0.3669724770642313,600170.SH,600170,2022-06-30,2.725,-0.3669724770642313,0.0,1,3,0.0,0.0,0.0,0.0
2022-07-01,2.715,2.715,2.735,2.705,324522.0,,0.0,600170.SH,600170,2022-07-01,2.715,0.0,0.0,1,3,0.0,0.0,0.0,0.0
2022-07-04,2.725,2.695,2.725,2.685,409285.0,,-0.7366482504604033,600170.SH,600170,2022-07-04,2.715,-0.7366482504604033,0.0,1,3,0.0,0.0,0.0,0.0
2022-07-05,2.705,2.695,2.705,2.675,394826.0,,0.0,600170.SH,600170,2022-07-05,2.695,0.0,0.0,1,3,0.0,0.0,0.0,0.0
2022-07-06,2.695,2.665,2.695,2.655,398359.0,,-1.1131725417439675,600170.SH,600170,2022-07-06,2.695,-1.1131725417439675,0.0,1,3,0.0,0.0,0.0,0.0
2022-07-07,2.675,2.665,2.685,2.665,202826.0,,0.0,600170.SH,600170,2022-07-07,2.665,0.0,0.0,1,3,0.0,0.0,0.0,0.0
2022-07-08,2.665,2.675,2.685,2.665,215542.0,,0.3752345215759733,600170.SH,600170,2022-07-08,2.665,0.3752345215759733,0.0,1,3,0.0,0.0,0.0,0.0
2022-07-11,2.675,2.675,2.695,2.655,323385.0,,0.0,600170.SH,600170,2022-07-11,2.675,0.0,0.0,1,3,0.0,0.0,0.0,0.0
2022-07-12,2.675,2.715,2.735,2.665,568139.0,,1.495327102803734,600170.SH,600170,2022-07-12,2.675,1.495327102803734,0.0,1,3,0.0,0.0,0.0,0.0
2022-07-13,2.735,2.715,2.745,2.695,473400.0,,0.0,600170.SH,600170,2022-07-13,2.715,0.0,0.0,1,3,0.0,0.0,0.0,0.0
2022-07-14,2.705,2.675,2.715,2.665,425419.0,,-1.4732965009208066,600170.SH,600170,2022-07-14,2.715,-1.4732965009208066,0.0,1,3,0.0,0.0,0.0,0.0
2022-07-15,2.645,2.585,2.645,2.585,638271.0,,-3.364485981308407,600170.SH,600170,2022-07-15,2.675,-3.364485981308407,0.0,1,3,0.0,0.0,0.0,0.0
2022-07-18,2.585,2.615,2.635,2.585,318981.0,,1.1605415860735049,600170.SH,600170,2022-07-18,2.585,1.1605415860735049,0.0,1,3,0.0,0.0,0.0,0.0
2022-07-19,2.625,2.615,2.635,2.605,270998.0,,0.0,600170.SH,600170,2022-07-19,2.615,0.0,0.0,1,3,0.0,0.0,0.0,0.0
2022-07-20,2.625,2.635,2.635,2.615,183018.0,,0.7648183556405286,600170.SH,600170,2022-07-20,2.615,0.7648183556405286,0.0,1,3,0.0,0.0,0.0,0.0
2022-07-21,2.625,2.615,2.635,2.605,261438.0,,-0.7590132827324347,600170.SH,600170,2022-07-21,2.635,-0.7590132827324347,0.0,1,3,0.0,0.0,0.0,0.0
2022-07-22,2.605,2.605,2.625,2.585,273557.0,,-0.3824091778202754,600170.SH,600170,2022-07-22,2.615,-0.3824091778202754,0.0,1,3,0.0,0.0,0.0,0.0
2022-07-25,2.605,2.585,2.615,2.575,255683.0,,-0.7677543186180413,600170.SH,600170,2022-07-25,2.605,-0.7677543186180413,0.0,1,3,0.0,0.0,0.0,0.0
2022-07-26,2.605,2.615,2.625,2.585,200180.0,,1.1605415860735049,600170.SH,600170,2022-07-26,2.585,1.1605415860735049,0.0,1,3,0.0,0.0,0.0,0.0
2022-07-27,2.625,2.625,2.635,2.615,169852.0,,0.3824091778202643,600170.SH,600170,2022-07-27,2.615,0.3824091778202643,0.0,1,3,0.0,0.0,0.0,0.0
2022-07-28,2.625,2.625,2.645,2.625,238184.0,,0.0,600170.SH,600170,2022-07-28,2.625,0.0,0.0,1,3,0.0,0.0,0.0,0.0
2022-07-29,2.635,2.615,2.645,2.615,269177.0,,-0.3809523809523707,600170.SH,600170,2022-07-29,2.625,-0.3809523809523707,0.0,1,3,0.0,0.0,0.0,0.0
2022-08-01,2.63,2.62,2.63,2.61,278784.0,"{'nd': '2021', 'fh_sh': '1.45', 'djr': '2022-07-29', 'cqr': '2022-08-01', 'FHcontent': '10派1.45元'}",0.1912045889101321,600170.SH,600170,2022-08-01,2.615,0.1912045889101321,0.0,1,3,0.0,0.0,0.0,0.0
2022-08-02,2.61,2.56,2.62,2.52,493455.0,,-2.2900763358778664,600170.SH,600170,2022-08-02,2.62,-2.2900763358778664,0.0,1,3,0.0,0.0,0.0,0.0
2022-08-03,2.55,2.52,2.58,2.52,296946.0,,-1.5625,600170.SH,600170,2022-08-03,2.56,-1.5625,0.0,1,3,0.0,0.0,0.0,0.0
2022-08-04,2.53,2.53,2.55,2.52,194794.0,,0.3968253968253954,600170.SH,600170,2022-08-04,2.52,0.3968253968253954,0.0,1,3,0.0,0.0,0.0,0.0
2022-08-05,2.53,2.56,2.57,2.52,242448.0,,1.1857707509881577,600170.SH,600170,2022-08-05,2.53,1.1857707509881577,0.0,1,3,0.0,0.0,0.0,0.0
2022-08-08,2.56,2.55,2.58,2.55,156964.0,,-0.3906250000000111,600170.SH,600170,2022-08-08,2.56,-0.3906250000000111,0.0,1,3,0.0,0.0,0.0,0.0
2022-08-09,2.56,2.55,2.56,2.54,181533.0,,0.0,600170.SH,600170,2022-08-09,2.55,0.0,0.0,1,3,0.0,0.0,0.0,0.0
2022-08-10,2.56,2.53,2.56,2.52,219708.0,,-0.7843137254901933,600170.SH,600170,2022-08-10,2.55,-0.7843137254901933,0.0,1,3,0.0,0.0,0.0,0.0
2022-08-11,2.54,2.55,2.57,2.53,329509.0,,0.7905138339920903,600170.SH,600170,2022-08-11,2.53,0.7905138339920903,0.0,1,3,0.0,0.0,0.0,0.0
2022-08-12,2.55,2.57,2.58,2.55,278315.0,,0.7843137254901933,600170.SH,600170,2022-08-12,2.55,0.7843137254901933,0.0,1,3,0.0,0.0,0.0,0.0
2022-08-15,2.57,2.57,2.59,2.56,278404.0,,0.0,600170.SH,600170,2022-08-15,2.57,0.0,0.0,1,3,0.0,0.0,0.0,0.0
2022-08-16,2.57,2.58,2.6,2.57,255699.0,,0.3891050583657574,600170.SH,600170,2022-08-16,2.57,0.3891050583657574,0.0,1,3,0.0,0.0,0.0,0.0
2022-08-17,2.59,2.58,2.6,2.57,203241.0,,0.0,600170.SH,600170,2022-08-17,2.58,0.0,0.0,1,3,0.0,0.0,0.0,0.0
2022-08-18,2.57,2.54,2.58,2.54,198760.0,,-1.5503875968992276,600170.SH,600170,2022-08-18,2.58,-1.5503875968992276,0.0,1,3,0.0,0.0,0.0,0.0
2022-08-19,2.54,2.55,2.57,2.54,221931.0,,0.3937007874015741,600170.SH,600170,2022-08-19,2.54,0.3937007874015741,0.0,1,3,0.0,0.0,0.0,0.0
2022-08-22,2.54,2.58,2.59,2.54,353358.0,,1.176470588235312,600170.SH,600170,2022-08-22,2.55,1.176470588235312,0.0,1,3,0.0,0.0,0.0,0.0
2022-08-23,2.59,2.56,2.59,2.56,261320.0,,-0.7751937984496138,600170.SH,600170,2022-08-23,2.58,-0.7751937984496138,0.0,1,3,0.0,0.0,0.0,0.0
2022-08-24,2.56,2.55,2.58,2.54,353618.0,,-0.3906250000000111,600170.SH,600170,2022-08-24,2.56,-0.3906250000000111,0.0,1,3,0.0,0.0,0.0,0.0
2022-08-25,2.54,2.56,2.57,2.54,247959.0,,0.3921568627450966,600170.SH,600170,2022-08-25,2.55,0.3921568627450966,0.0,1,3,0.0,0.0,0.0,0.0
2022-08-26,2.57,2.54,2.57,2.53,285371.0,,-0.78125,600170.SH,600170,2022-08-26,2.56,-0.78125,0.0,1,3,0.0,0.0,0.0,0.0
2022-08-29,2.53,2.55,2.56,2.51,265520.0,,0.3937007874015741,600170.SH,600170,2022-08-29,2.54,0.3937007874015741,0.0,1,3,0.0,0.0,0.0,0.0
2022-08-30,2.56,2.57,2.58,2.55,260444.0,,0.7843137254901933,600170.SH,600170,2022-08-30,2.55,0.7843137254901933,0.0,1,3,0.0,0.0,0.0,0.0
2022-08-31,2.55,2.54,2.56,2.53,306771.0,,-1.167315175097272,600170.SH,600170,2022-08-31,2.57,-1.167315175097272,0.0,1,3,0.0,0.0,0.0,0.0
2022-09-01,2.54,2.51,2.56,2.51,289189.0,,-1.1811023622047334,600170.SH,600170,2022-09-01,2.54,-1.1811023622047334,0.0,1,3,0.0,0.0,0.0,0.0
2022-09-02,2.53,2.51,2.53,2.51,238649.0,,0.0,600170.SH,600170,2022-09-02,2.51,0.0,0.0,1,3,0.0,0.0,0.0,0.0
2022-09-05,2.51,2.5,2.52,2.49,322349.0,,-0.3984063745019806,600170.SH,600170,2022-09-05,2.51,-0.3984063745019806,0.0,1,3,0.0,0.0,0.0,0.0
2022-09-06,2.5,2.53,2.54,2.5,286445.0,,1.200000000000001,600170.SH,600170,2022-09-06,2.5,1.200000000000001,0.0,1,3,0.0,0.0,0.0,0.0
2022-09-07,2.54,2.54,2.55,2.51,362126.0,,0.3952569169960673,600170.SH,600170,2022-09-07,2.53,0.3952569169960673,0.0,1,3,0.0,0.0,0.0,0.0
2022-09-08,2.54,2.56,2.56,2.52,305935.0,,0.7874015748031482,600170.SH,600170,2022-09-08,2.54,0.7874015748031482,0.0,1,3,0.0,0.0,0.0,0.0
2022-09-09,2.56,2.58,2.59,2.55,414237.0,,0.78125,600170.SH,600170,2022-09-09,2.56,0.78125,0.0,1,3,0.0,0.0,0.0,0.0
2022-09-13,2.59,2.58,2.62,2.57,522934.0,,0.0,600170.SH,600170,2022-09-13,2.58,0.0,0.0,1,3,0.0,0.0,0.0,0.0
2022-09-14,2.56,2.55,2.58,2.54,293715.0,,-1.1627906976744318,600170.SH,600170,2022-09-14,2.58,-1.1627906976744318,0.0,1,3,0.0,0.0,0.0,0.0
2022-09-15,2.57,2.55,2.59,2.52,388630.0,,0.0,600170.SH,600170,2022-09-15,2.55,0.0,0.0,1,3,0.0,0.0,0.0,0.0
2022-09-16,2.55,2.48,2.56,2.48,494235.0,,-2.7450980392156765,600170.SH,600170,2022-09-16,2.55,-2.7450980392156765,0.0,1,3,0.0,0.0,0.0,0.0
2022-09-19,2.48,2.45,2.49,2.45,342618.0,,-1.2096774193548263,600170.SH,600170,2022-09-19,2.48,-1.2096774193548263,0.0,1,3,0.0,0.0,0.0,0.0
2022-09-20,2.46,2.43,2.47,2.43,205798.0,,-0.8163265306122436,600170.SH,600170,2022-09-20,2.45,-0.8163265306122436,0.0,1,3,0.0,0.0,0.0,0.0
2022-09-21,2.43,2.45,2.46,2.4,247427.0,,0.8230452674897082,600170.SH,600170,2022-09-21,2.43,0.8230452674897082,0.0,1,3,0.0,0.0,0.0,0.0
2022-09-22,2.43,2.42,2.46,2.41,208576.0,,-1.224489795918382,600170.SH,600170,2022-09-22,2.45,-1.224489795918382,0.0,1,3,0.0,0.0,0.0,0.0
2022-09-23,2.42,2.42,2.44,2.4,230444.0,,0.0,600170.SH,600170,2022-09-23,2.42,0.0,0.0,1,3,0.0,0.0,0.0,0.0
2022-09-26,2.42,2.36,2.42,2.36,291410.0,,-2.479338842975209,600170.SH,600170,2022-09-26,2.42,-2.479338842975209,0.0,1,3,0.0,0.0,0.0,0.0
2022-09-27,2.36,2.41,2.42,2.36,262196.0,,2.1186440677966267,600170.SH,600170,2022-09-27,2.36,2.1186440677966267,0.0,1,3,0.0,0.0,0.0,0.0
2022-09-28,2.41,2.39,2.41,2.38,209618.0,,-0.8298755186721962,600170.SH,600170,2022-09-28,2.41,-0.8298755186721962,0.0,1,3,0.0,0.0,0.0,0.0
2022-09-29,2.4,2.36,2.42,2.34,349397.0,,-1.2552301255230214,600170.SH,600170,2022-09-29,2.39,-1.2552301255230214,0.0,1,3,0.0,0.0,0.0,0.0
2022-09-30,2.34,2.36,2.39,2.34,242761.0,,0.0,600170.SH,600170,2022-09-30,2.36,0.0,0.0,1,3,0.0,0.0,0.0,0.0
2022-10-10,2.36,2.37,2.41,2.35,222502.0,,0.4237288135593209,600170.SH,600170,2022-10-10,2.36,0.4237288135593209,0.0,1,3,0.0,0.0,0.0,0.0
2022-10-11,2.37,2.37,2.38,2.34,194138.0,,0.0,600170.SH,600170,2022-10-11,2.37,0.0,0.0,1,3,0.0,0.0,0.0,0.0
2022-10-12,2.37,2.39,2.4,2.33,290516.0,,0.8438818565400741,600170.SH,600170,2022-10-12,2.37,0.8438818565400741,0.0,1,3,0.0,0.0,0.0,0.0
2022-10-13,2.38,2.36,2.38,2.35,243409.0,,-1.2552301255230214,600170.SH,600170,2022-10-13,2.39,-1.2552301255230214,0.0,1,3,0.0,0.0,0.0,0.0
2022-10-14,2.36,2.4,2.42,2.36,310596.0,,1.6949152542372836,600170.SH,600170,2022-10-14,2.36,1.6949152542372836,0.0,1,3,0.0,0.0,0.0,0.0
2022-10-17,2.41,2.42,2.44,2.39,244150.0,,0.8333333333333304,600170.SH,600170,2022-10-17,2.4,0.8333333333333304,0.0,1,3,0.0,0.0,0.0,0.0
2022-10-18,2.43,2.43,2.45,2.42,201909.0,,0.4132231404958775,600170.SH,600170,2022-10-18,2.42,0.4132231404958775,0.0,1,3,0.0,0.0,0.0,0.0
2022-10-19,2.43,2.41,2.45,2.4,213050.0,,-0.8230452674897082,600170.SH,600170,2022-10-19,2.43,-0.8230452674897082,0.0,1,3,0.0,0.0,0.0,0.0
2022-10-20,2.41,2.41,2.43,2.39,190903.0,,0.0,600170.SH,600170,2022-10-20,2.41,0.0,0.0,1,3,0.0,0.0,0.0,0.0
2022-10-21,2.44,2.44,2.5,2.43,376968.0,,1.2448132780082943,600170.SH,600170,2022-10-21,2.41,1.2448132780082943,0.0,1,3,0.0,0.0,0.0,0.0
2022-10-24,2.44,2.39,2.47,2.37,323927.0,,-2.049180327868849,600170.SH,600170,2022-10-24,2.44,-2.049180327868849,0.0,1,3,0.0,0.0,0.0,0.0
2022-10-25,2.39,2.38,2.41,2.35,211711.0,,-0.4184100418410108,600170.SH,600170,2022-10-25,2.39,-0.4184100418410108,0.0,1,3,0.0,0.0,0.0,0.0
2022-10-26,2.38,2.39,2.41,2.37,210875.0,,0.4201680672269114,600170.SH,600170,2022-10-26,2.38,0.4201680672269114,0.0,1,3,0.0,0.0,0.0,0.0
2022-10-27,2.4,2.42,2.44,2.39,240270.0,,1.2552301255229992,600170.SH,600170,2022-10-27,2.39,1.2552301255229992,0.0,1,3,0.0,0.0,0.0,0.0
2022-10-28,2.42,2.37,2.43,2.36,258482.0,,-2.066115702479332,600170.SH,600170,2022-10-28,2.42,-2.066115702479332,0.0,1,3,0.0,0.0,0.0,0.0
2022-10-31,2.36,2.4,2.41,2.34,227497.0,,1.2658227848101111,600170.SH,600170,2022-10-31,2.37,1.2658227848101111,0.0,1,3,0.0,0.0,0.0,0.0
2022-11-01,2.39,2.43,2.43,2.39,306467.0,,1.2500000000000178,600170.SH,600170,2022-11-01,2.4,1.2500000000000178,0.0,1,3,0.0,0.0,0.0,0.0
2022-11-02,2.42,2.43,2.44,2.42,221361.0,,0.0,600170.SH,600170,2022-11-02,2.43,0.0,0.0,1,3,0.0,0.0,0.0,0.0
2022-11-03,2.43,2.44,2.46,2.42,219567.0,,0.411522633744843,600170.SH,600170,2022-11-03,2.43,0.411522633744843,0.0,1,3,0.0,0.0,0.0,0.0
2022-11-04,2.44,2.45,2.46,2.43,267965.0,,0.4098360655737876,600170.SH,600170,2022-11-04,2.44,0.4098360655737876,0.0,1,3,0.0,0.0,0.0,0.0
2022-11-07,2.44,2.47,2.48,2.44,306980.0,,0.8163265306122547,600170.SH,600170,2022-11-07,2.45,0.8163265306122547,0.0,1,3,0.0,0.0,0.0,0.0
2022-11-08,2.47,2.45,2.47,2.44,182622.0,,-0.8097165991902799,600170.SH,600170,2022-11-08,2.47,-0.8097165991902799,0.0,1,3,0.0,0.0,0.0,0.0
2022-11-09,2.46,2.44,2.47,2.44,200611.0,,-0.4081632653061273,600170.SH,600170,2022-11-09,2.45,-0.4081632653061273,0.0,1,3,0.0,0.0,0.0,0.0
2022-11-10,2.44,2.45,2.46,2.42,227781.0,,0.4098360655737876,600170.SH,600170,2022-11-10,2.44,0.4098360655737876,0.0,1,3,0.0,0.0,0.0,0.0
2022-11-11,2.47,2.5,2.53,2.46,539545.0,,2.0408163265306145,600170.SH,600170,2022-11-11,2.45,2.0408163265306145,0.0,1,3,0.0,0.0,0.0,0.0
2022-11-14,2.52,2.54,2.56,2.51,459197.0,,1.6000000000000014,600170.SH,600170,2022-11-14,2.5,1.6000000000000014,0.0,1,3,0.0,0.0,0.0,0.0
2022-11-15,2.53,2.53,2.54,2.52,284638.0,,-0.3937007874015852,600170.SH,600170,2022-11-15,2.54,-0.3937007874015852,0.0,1,3,0.0,0.0,0.0,0.0
2022-11-16,2.52,2.51,2.54,2.51,213478.0,,-0.7905138339920903,600170.SH,600170,2022-11-16,2.53,-0.7905138339920903,0.0,1,3,0.0,0.0,0.0,0.0
2022-11-17,2.51,2.52,2.53,2.5,218707.0,,0.3984063745019917,600170.SH,600170,2022-11-17,2.51,0.3984063745019917,0.0,1,3,0.0,0.0,0.0,0.0
2022-11-18,2.53,2.52,2.54,2.5,270803.0,,0.0,600170.SH,600170,2022-11-18,2.52,0.0,0.0,1,3,0.0,0.0,0.0,0.0
2022-11-21,2.51,2.49,2.52,2.47,290684.0,,-1.1904761904761862,600170.SH,600170,2022-11-21,2.52,-1.1904761904761862,0.0,1,3,0.0,0.0,0.0,0.0
2022-11-22,2.5,2.56,2.61,2.49,639892.0,,2.8112449799196693,600170.SH,600170,2022-11-22,2.49,2.8112449799196693,0.0,1,3,0.0,0.0,0.0,0.0
2022-11-23,2.56,2.57,2.61,2.54,604133.0,,0.390625,600170.SH,600170,2022-11-23,2.56,0.390625,0.0,1,3,0.0,0.0,0.0,0.0
2022-11-24,2.57,2.55,2.58,2.53,304174.0,,-0.7782101167315147,600170.SH,600170,2022-11-24,2.57,-0.7782101167315147,0.0,1,3,0.0,0.0,0.0,0.0
2022-11-25,2.54,2.58,2.59,2.54,426347.0,,1.176470588235312,600170.SH,600170,2022-11-25,2.55,1.176470588235312,0.0,1,3,0.0,0.0,0.0,0.0
2022-11-28,2.57,2.58,2.6,2.55,385281.0,,0.0,600170.SH,600170,2022-11-28,2.58,0.0,0.0,1,3,0.0,0.0,0.0,0.0
2022-11-29,2.59,2.66,2.68,2.58,1068891.0,,3.100775193798455,600170.SH,600170,2022-11-29,2.58,3.100775193798455,0.0,1,3,0.0,0.0,0.0,0.0
2022-11-30,2.65,2.62,2.67,2.62,534742.0,,-1.5037593984962403,600170.SH,600170,2022-11-30,2.66,-1.5037593984962403,0.0,1,3,0.0,0.0,0.0,0.0
2022-12-01,2.64,2.59,2.65,2.58,479753.0,,-1.1450381679389388,600170.SH,600170,2022-12-01,2.62,-1.1450381679389388,0.0,1,3,0.0,0.0,0.0,0.0
2022-12-02,2.6,2.62,2.63,2.58,478181.0,,1.1583011583011782,600170.SH,600170,2022-12-02,2.59,1.1583011583011782,0.0,1,3,0.0,0.0,0.0,0.0
2022-12-05,2.62,2.67,2.69,2.62,791249.0,,1.9083969465648831,600170.SH,600170,2022-12-05,2.62,1.9083969465648831,0.0,1,3,0.0,0.0,0.0,0.0
2022-12-06,2.66,2.62,2.69,2.61,510564.0,,-1.872659176029956,600170.SH,600170,2022-12-06,2.67,-1.872659176029956,0.0,1,3,0.0,0.0,0.0,0.0
2022-12-07,2.62,2.6,2.64,2.59,477688.0,,-0.7633587786259555,600170.SH,600170,2022-12-07,2.62,-0.7633587786259555,0.0,1,3,0.0,0.0,0.0,0.0
2022-12-08,2.59,2.57,2.61,2.55,953294.0,,-1.1538461538461608,600170.SH,600170,2022-12-08,2.6,-1.1538461538461608,0.0,1,3,0.0,0.0,0.0,0.0
2022-12-09,2.57,2.61,2.61,2.56,954115.0,,1.5564202334630295,600170.SH,600170,2022-12-09,2.57,1.5564202334630295,0.0,1,3,0.0,0.0,0.0,0.0
2022-12-12,2.6,2.55,2.6,2.54,561466.0,,-2.298850574712641,600170.SH,600170,2022-12-12,2.61,-2.298850574712641,0.0,1,3,0.0,0.0,0.0,0.0
2022-12-13,2.56,2.58,2.6,2.55,349766.0,,1.176470588235312,600170.SH,600170,2022-12-13,2.55,1.176470588235312,0.0,1,3,0.0,0.0,0.0,0.0
2022-12-14,2.58,2.55,2.59,2.55,313167.0,,-1.1627906976744318,600170.SH,600170,2022-12-14,2.58,-1.1627906976744318,0.0,1,3,0.0,0.0,0.0,0.0
2022-12-15,2.55,2.52,2.57,2.52,310446.0,,-1.17647058823529,600170.SH,600170,2022-12-15,2.55,-1.17647058823529,0.0,1,3,0.0,0.0,0.0,0.0
2022-12-16,2.53,2.52,2.55,2.5,480670.0,,0.0,600170.SH,600170,2022-12-16,2.52,0.0,0.0,1,3,0.0,0.0,0.0,0.0
2022-12-19,2.52,2.48,2.54,2.48,461657.0,,-1.5873015873015928,600170.SH,600170,2022-12-19,2.52,-1.5873015873015928,0.0,1,3,0.0,0.0,0.0,0.0
2022-12-20,2.48,2.47,2.5,2.46,266120.0,,-0.4032258064516014,600170.SH,600170,2022-12-20,2.48,-0.4032258064516014,0.0,1,3,0.0,0.0,0.0,0.0
2022-12-21,2.48,2.45,2.49,2.44,238076.0,,-0.8097165991902799,600170.SH,600170,2022-12-21,2.47,-0.8097165991902799,0.0,1,3,0.0,0.0,0.0,0.0
2022-12-22,2.45,2.42,2.48,2.41,258403.0,,-1.224489795918382,600170.SH,600170,2022-12-22,2.45,-1.224489795918382,0.0,1,3,0.0,0.0,0.0,0.0
2022-12-23,2.42,2.42,2.45,2.41,196595.0,,0.0,600170.SH,600170,2022-12-23,2.42,0.0,0.0,1,3,0.0,0.0,0.0,0.0
2022-12-26,2.42,2.4,2.43,2.36,506928.0,,-0.8264462809917328,600170.SH,600170,2022-12-26,2.42,-0.8264462809917328,0.0,1,3,0.0,0.0,0.0,0.0
2022-12-27,2.41,2.44,2.46,2.4,348789.0,,1.6666666666666607,600170.SH,600170,2022-12-27,2.4,1.6666666666666607,0.0,1,3,0.0,0.0,0.0,0.0
2022-12-28,2.43,2.43,2.45,2.39,262249.0,,-0.4098360655737654,600170.SH,600170,2022-12-28,2.44,-0.4098360655737654,0.0,1,3,0.0,0.0,0.0,0.0
2022-12-29,2.43,2.4,2.44,2.39,220746.0,,-1.2345679012345734,600170.SH,600170,2022-12-29,2.43,-1.2345679012345734,0.0,1,3,0.0,0.0,0.0,0.0
2022-12-30,2.4,2.43,2.45,2.4,285883.0,,1.2500000000000178,600170.SH,600170,2022-12-30,2.4,1.2500000000000178,0.0,1,3,0.0,0.0,0.0,0.0
2023-01-03,2.43,2.44,2.46,2.41,327121.0,,0.411522633744843,600170.SH,600170,2023-01-03,2.43,0.411522633744843,0.0,1,3,0.0,0.0,0.0,0.0
2023-01-04,2.44,2.47,2.47,2.43,451333.0,,1.2295081967213184,600170.SH,600170,2023-01-04,2.44,1.2295081967213184,0.0,1,3,0.0,0.0,0.0,0.0
2023-01-05,2.46,2.46,2.47,2.44,259441.0,,-0.4048582995951455,600170.SH,600170,2023-01-05,2.47,-0.4048582995951455,0.0,1,3,0.0,0.0,0.0,0.0
2023-01-06,2.45,2.43,2.46,2.42,249118.0,,-1.2195121951219412,600170.SH,600170,2023-01-06,2.46,-1.2195121951219412,0.0,1,3,0.0,0.0,0.0,0.0
2023-01-09,2.43,2.42,2.45,2.42,281556.0,,-0.4115226337448652,600170.SH,600170,2023-01-09,2.43,-0.4115226337448652,0.0,1,3,0.0,0.0,0.0,0.0
2023-01-10,2.43,2.4,2.43,2.4,238908.0,,-0.8264462809917328,600170.SH,600170,2023-01-10,2.42,-0.8264462809917328,0.0,1,3,0.0,0.0,0.0,0.0
2023-01-11,2.4,2.4,2.42,2.39,261475.0,,0.0,600170.SH,600170,2023-01-11,2.4,0.0,0.0,1,3,0.0,0.0,0.0,0.0
2023-01-12,2.39,2.38,2.41,2.37,363566.0,,-0.8333333333333304,600170.SH,600170,2023-01-12,2.4,-0.8333333333333304,0.0,1,3,0.0,0.0,0.0,0.0
2023-01-13,2.38,2.4,2.4,2.37,225076.0,,0.8403361344537785,600170.SH,600170,2023-01-13,2.38,0.8403361344537785,0.0,1,3,0.0,0.0,0.0,0.0
2023-01-16,2.4,2.42,2.44,2.39,342146.0,,0.8333333333333304,600170.SH,600170,2023-01-16,2.4,0.8333333333333304,0.0,1,3,0.0,0.0,0.0,0.0
2023-01-17,2.42,2.39,2.43,2.39,347023.0,,-1.2396694214875992,600170.SH,600170,2023-01-17,2.42,-1.2396694214875992,0.0,1,3,0.0,0.0,0.0,0.0
2023-01-18,2.4,2.42,2.43,2.39,278863.0,,1.2552301255229992,600170.SH,600170,2023-01-18,2.39,1.2552301255229992,0.0,1,3,0.0,0.0,0.0,0.0
2023-01-19,2.41,2.43,2.43,2.4,228853.0,,0.4132231404958775,600170.SH,600170,2023-01-19,2.42,0.4132231404958775,0.0,1,3,0.0,0.0,0.0,0.0
2023-01-20,2.43,2.46,2.46,2.42,437314.0,,1.2345679012345512,600170.SH,600170,2023-01-20,2.43,1.2345679012345512,0.0,1,3,0.0,0.0,0.0,0.0
2023-01-30,2.48,2.45,2.49,2.45,690346.0,,-0.406504065040647,600170.SH,600170,2023-01-30,2.46,-0.406504065040647,0.0,1,3,0.0,0.0,0.0,0.0
2023-01-31,2.46,2.46,2.47,2.44,473455.0,,0.4081632653061051,600170.SH,600170,2023-01-31,2.45,0.4081632653061051,0.0,1,3,0.0,0.0,0.0,0.0
2023-02-01,2.47,2.48,2.49,2.45,592206.0,,0.8130081300812941,600170.SH,600170,2023-02-01,2.46,0.8130081300812941,0.0,1,3,0.0,0.0,0.0,0.0
2023-02-02,2.48,2.49,2.5,2.47,492508.0,,0.4032258064516236,600170.SH,600170,2023-02-02,2.48,0.4032258064516236,0.0,1,3,0.0,0.0,0.0,0.0
2023-02-03,2.48,2.46,2.49,2.45,375975.0,,-1.2048192771084487,600170.SH,600170,2023-02-03,2.49,-1.2048192771084487,0.0,1,3,0.0,0.0,0.0,0.0
2023-02-06,2.46,2.48,2.49,2.45,507105.0,,0.8130081300812941,600170.SH,600170,2023-02-06,2.46,0.8130081300812941,0.0,1,3,0.0,0.0,0.0,0.0
2023-02-07,2.48,2.51,2.52,2.47,551708.0,,1.2096774193548263,600170.SH,600170,2023-02-07,2.48,1.2096774193548263,0.0,1,3,0.0,0.0,0.0,0.0
2023-02-08,2.52,2.49,2.52,2.48,364203.0,,-0.7968127490039723,600170.SH,600170,2023-02-08,2.51,-0.7968127490039723,0.0,1,3,0.0,0.0,0.0,0.0
2023-02-09,2.48,2.5,2.51,2.48,382240.0,,0.401606425702794,600170.SH,600170,2023-02-09,2.49,0.401606425702794,0.0,1,3,0.0,0.0,0.0,0.0
2023-02-10,2.5,2.52,2.54,2.5,393198.0,,0.8000000000000007,600170.SH,600170,2023-02-10,2.5,0.8000000000000007,0.0,1,3,0.0,0.0,0.0,0.0
2023-02-13,2.52,2.53,2.55,2.5,531193.0,,0.3968253968253954,600170.SH,600170,2023-02-13,2.52,0.3968253968253954,0.0,1,3,0.0,0.0,0.0,0.0
2023-02-14,2.53,2.53,2.55,2.52,353119.0,,0.0,600170.SH,600170,2023-02-14,2.53,0.0,0.0,1,3,0.0,0.0,0.0,0.0
2023-02-15,2.54,2.52,2.54,2.51,307165.0,,-0.395256916996034,600170.SH,600170,2023-02-15,2.53,-0.395256916996034,0.0,1,3,0.0,0.0,0.0,0.0
2023-02-16,2.51,2.51,2.55,2.49,527393.0,,-0.3968253968254065,600170.SH,600170,2023-02-16,2.52,-0.3968253968254065,0.0,1,3,0.0,0.0,0.0,0.0
2023-02-17,2.51,2.49,2.52,2.48,442403.0,,-0.7968127490039723,600170.SH,600170,2023-02-17,2.51,-0.7968127490039723,0.0,1,3,0.0,0.0,0.0,0.0
2023-02-20,2.49,2.55,2.55,2.48,520642.0,,2.409638554216853,600170.SH,600170,2023-02-20,2.49,2.409638554216853,0.0,1,3,0.0,0.0,0.0,0.0
2023-02-21,2.54,2.55,2.57,2.53,369849.0,,0.0,600170.SH,600170,2023-02-21,2.55,0.0,0.0,1,3,0.0,0.0,0.0,0.0
2023-02-22,2.54,2.56,2.57,2.53,358912.0,,0.3921568627450966,600170.SH,600170,2023-02-22,2.55,0.3921568627450966,0.0,1,3,0.0,0.0,0.0,0.0
2023-02-23,2.56,2.54,2.57,2.52,378401.0,,-0.78125,600170.SH,600170,2023-02-23,2.56,-0.78125,0.0,1,3,0.0,0.0,0.0,0.0
2023-02-24,2.54,2.54,2.55,2.52,256273.0,,0.0,600170.SH,600170,2023-02-24,2.54,0.0,0.0,1,3,0.0,0.0,0.0,0.0
2023-02-27,2.53,2.51,2.54,2.5,330117.0,,-1.1811023622047334,600170.SH,600170,2023-02-27,2.54,-1.1811023622047334,0.0,1,3,0.0,0.0,0.0,0.0
2023-02-28,2.51,2.54,2.55,2.51,442581.0,,1.195219123505975,600170.SH,600170,2023-02-28,2.51,1.195219123505975,0.0,1,3,0.0,0.0,0.0,0.0
2023-03-01,2.55,2.54,2.57,2.53,978243.0,,0.0,600170.SH,600170,2023-03-01,2.54,0.0,0.0,1,3,0.0,0.0,0.0,0.0
2023-03-02,2.54,2.57,2.6,2.54,770873.0,,1.1811023622047223,600170.SH,600170,2023-03-02,2.54,1.1811023622047223,0.0,1,3,0.0,0.0,0.0,0.0
2023-03-03,2.58,2.62,2.63,2.57,860946.0,,1.945525291828809,600170.SH,600170,2023-03-03,2.57,1.945525291828809,0.0,1,3,0.0,0.0,0.0,0.0
2023-03-06,2.63,2.59,2.65,2.59,538404.0,,-1.1450381679389388,600170.SH,600170,2023-03-06,2.62,-1.1450381679389388,0.0,1,3,0.0,0.0,0.0,0.0
2023-03-07,2.59,2.58,2.63,2.58,664976.0,,-0.3861003861003742,600170.SH,600170,2023-03-07,2.59,-0.3861003861003742,0.0,1,3,0.0,0.0,0.0,0.0
2023-03-08,2.58,2.57,2.59,2.56,474327.0,,-0.387596899224818,600170.SH,600170,2023-03-08,2.58,-0.387596899224818,0.0,1,3,0.0,0.0,0.0,0.0
2023-03-09,2.58,2.61,2.63,2.57,561874.0,,1.5564202334630295,600170.SH,600170,2023-03-09,2.57,1.5564202334630295,0.0,1,3,0.0,0.0,0.0,0.0
2023-03-10,2.6,2.54,2.6,2.54,499623.0,,-2.6819923371647403,600170.SH,600170,2023-03-10,2.61,-2.6819923371647403,0.0,1,3,0.0,0.0,0.0,0.0
2023-03-13,2.53,2.58,2.58,2.53,455046.0,,1.5748031496062964,600170.SH,600170,2023-03-13,2.54,1.5748031496062964,0.0,1,3,0.0,0.0,0.0,0.0
2023-03-14,2.57,2.55,2.59,2.54,405646.0,,-1.1627906976744318,600170.SH,600170,2023-03-14,2.58,-1.1627906976744318,0.0,1,3,0.0,0.0,0.0,0.0
2023-03-15,2.55,2.62,2.63,2.55,696092.0,,2.7450980392156987,600170.SH,600170,2023-03-15,2.55,2.7450980392156987,0.0,1,3,0.0,0.0,0.0,0.0
2023-03-16,2.61,2.59,2.62,2.58,442034.0,,-1.1450381679389388,600170.SH,600170,2023-03-16,2.62,-1.1450381679389388,0.0,1,3,0.0,0.0,0.0,0.0
2023-03-17,2.6,2.63,2.65,2.59,676488.0,,1.544401544401541,600170.SH,600170,2023-03-17,2.59,1.544401544401541,0.0,1,3,0.0,0.0,0.0,0.0
2023-03-20,2.63,2.61,2.68,2.6,799878.0,,-0.760456273764254,600170.SH,600170,2023-03-20,2.63,-0.760456273764254,0.0,1,3,0.0,0.0,0.0,0.0
2023-03-21,2.62,2.59,2.63,2.58,485525.0,,-0.7662835249042099,600170.SH,600170,2023-03-21,2.61,-0.7662835249042099,0.0,1,3,0.0,0.0,0.0,0.0
2023-03-22,2.6,2.6,2.62,2.57,380186.0,,0.3861003861003853,600170.SH,600170,2023-03-22,2.59,0.3861003861003853,0.0,1,3,0.0,0.0,0.0,0.0
2023-03-23,2.6,2.64,2.65,2.59,517245.0,,1.538461538461533,600170.SH,600170,2023-03-23,2.6,1.538461538461533,0.0,1,3,0.0,0.0,0.0,0.0
2023-03-24,2.65,2.62,2.65,2.61,452259.0,,-0.7575757575757569,600170.SH,600170,2023-03-24,2.64,-0.7575757575757569,0.0,1,3,0.0,0.0,0.0,0.0
2023-03-27,2.62,2.62,2.64,2.6,435134.0,,0.0,600170.SH,600170,2023-03-27,2.62,0.0,0.0,1,3,0.0,0.0,0.0,0.0
2023-03-28,2.63,2.6,2.64,2.6,380514.0,,-0.7633587786259555,600170.SH,600170,2023-03-28,2.62,-0.7633587786259555,0.0,1,3,0.0,0.0,0.0,0.0
2023-03-29,2.61,2.57,2.61,2.56,379547.0,,-1.1538461538461608,600170.SH,600170,2023-03-29,2.6,-1.1538461538461608,0.0,1,3,0.0,0.0,0.0,0.0
2023-03-30,2.56,2.56,2.58,2.54,502461.0,,-0.3891050583657462,600170.SH,600170,2023-03-30,2.57,-0.3891050583657462,0.0,1,3,0.0,0.0,0.0,0.0
2023-03-31,2.56,2.56,2.58,2.55,324320.0,,0.0,600170.SH,600170,2023-03-31,2.56,0.0,0.0,1,3,0.0,0.0,0.0,0.0
2023-04-03,2.56,2.58,2.6,2.55,422576.0,,0.78125,600170.SH,600170,2023-04-03,2.56,0.78125,0.0,1,3,0.0,0.0,0.0,0.0
2023-04-04,2.58,2.63,2.64,2.58,591634.0,,1.9379844961240345,600170.SH,600170,2023-04-04,2.58,1.9379844961240345,0.0,1,3,0.0,0.0,0.0,0.0
2023-04-06,2.63,2.62,2.64,2.61,406609.0,,-0.3802281368821214,600170.SH,600170,2023-04-06,2.63,-0.3802281368821214,0.0,1,3,0.0,0.0,0.0,0.0
2023-04-07,2.63,2.6,2.63,2.59,350507.0,,-0.7633587786259555,600170.SH,600170,2023-04-07,2.62,-0.7633587786259555,0.0,1,3,0.0,0.0,0.0,0.0
2023-04-10,2.6,2.57,2.61,2.56,487366.0,,-1.1538461538461608,600170.SH,600170,2023-04-10,2.6,-1.1538461538461608,0.0,1,3,0.0,0.0,0.0,0.0
2023-04-11,2.57,2.63,2.63,2.55,703865.0,,2.334630350194544,600170.SH,600170,2023-04-11,2.57,2.334630350194544,0.0,1,3,0.0,0.0,0.0,0.0
2023-04-12,2.62,2.63,2.64,2.61,433095.0,,0.0,600170.SH,600170,2023-04-12,2.63,0.0,0.0,1,3,0.0,0.0,0.0,0.0
2023-04-13,2.63,2.64,2.65,2.62,690111.0,,0.3802281368821436,600170.SH,600170,2023-04-13,2.63,0.3802281368821436,0.0,1,3,0.0,0.0,0.0,0.0
2023-04-14,2.64,2.7,2.72,2.63,985659.0,,2.2727272727272707,600170.SH,600170,2023-04-14,2.64,2.2727272727272707,0.0,1,3,0.0,0.0,0.0,0.0
2023-04-17,2.71,2.7,2.75,2.69,916983.0,,0.0,600170.SH,600170,2023-04-17,2.7,0.0,0.0,1,3,0.0,0.0,0.0,0.0
2023-04-18,2.7,2.69,2.72,2.66,655046.0,,-0.3703703703703764,600170.SH,600170,2023-04-18,2.7,-0.3703703703703764,0.0,1,3,0.0,0.0,0.0,0.0
2023-04-19,2.7,2.68,2.71,2.67,535706.0,,-0.3717472118959009,600170.SH,600170,2023-04-19,2.69,-0.3717472118959009,0.0,1,3,0.0,0.0,0.0,0.0
2023-04-20,2.68,2.7,2.71,2.65,583299.0,,0.746268656716409,600170.SH,600170,2023-04-20,2.68,0.746268656716409,0.0,1,3,0.0,0.0,0.0,0.0
2023-04-21,2.7,2.65,2.73,2.65,585737.0,,-1.85185185185186,600170.SH,600170,2023-04-21,2.7,-1.85185185185186,0.0,1,3,0.0,0.0,0.0,0.0
2023-04-24,2.66,2.65,2.69,2.64,541326.0,,0.0,600170.SH,600170,2023-04-24,2.65,0.0,0.0,1,3,0.0,0.0,0.0,0.0
2023-04-25,2.66,2.63,2.67,2.59,473980.0,,-0.7547169811320753,600170.SH,600170,2023-04-25,2.65,-0.7547169811320753,0.0,1,3,0.0,0.0,0.0,0.0
2023-04-26,2.63,2.63,2.65,2.61,425213.0,,0.0,600170.SH,600170,2023-04-26,2.63,0.0,0.0,1,3,0.0,0.0,0.0,0.0
2023-04-27,2.63,2.68,2.69,2.62,473215.0,,1.9011406844106515,600170.SH,600170,2023-04-27,2.63,1.9011406844106515,0.0,1,3,0.0,0.0,0.0,0.0
2023-04-28,2.68,2.68,2.7,2.66,1061015.0,,0.0,600170.SH,600170,2023-04-28,2.68,0.0,0.0,1,3,0.0,0.0,0.0,0.0
2023-05-04,2.67,2.68,2.73,2.65,1574507.0,,0.0,600170.SH,600170,2023-05-04,2.68,0.0,0.0,1,3,0.0,0.0,0.0,0.0
2023-05-05,2.69,2.8,2.82,2.68,2305058.0,,4.477611940298498,600170.SH,600170,2023-05-05,2.68,4.477611940298498,0.0,1,3,0.0,0.0,0.0,0.0
2023-05-08,2.83,2.79,2.87,2.77,2035476.0,,-0.3571428571428447,600170.SH,600170,2023-05-08,2.8,-0.3571428571428447,0.0,1,3,0.0,0.0,0.0,0.0
2023-05-09,2.79,2.76,2.84,2.75,1492079.0,,-1.0752688172043112,600170.SH,600170,2023-05-09,2.79,-1.0752688172043112,0.0,1,3,0.0,0.0,0.0,0.0
2023-05-10,2.77,2.71,2.78,2.69,1028987.0,,-1.811594202898548,600170.SH,600170,2023-05-10,2.76,-1.811594202898548,0.0,1,3,0.0,0.0,0.0,0.0
2023-05-11,2.72,2.7,2.73,2.68,691849.0,,-0.3690036900368953,600170.SH,600170,2023-05-11,2.71,-0.3690036900368953,0.0,1,3,0.0,0.0,0.0,0.0
2023-05-12,2.69,2.63,2.7,2.62,919874.0,,-2.592592592592602,600170.SH,600170,2023-05-12,2.7,-2.592592592592602,0.0,1,3,0.0,0.0,0.0,0.0
2023-05-15,2.63,2.6,2.64,2.54,1104467.0,,-1.1406844106463754,600170.SH,600170,2023-05-15,2.63,-1.1406844106463754,0.0,1,3,0.0,0.0,0.0,0.0
2023-05-16,2.6,2.55,2.6,2.54,728765.0,,-1.9230769230769384,600170.SH,600170,2023-05-16,2.6,-1.9230769230769384,0.0,1,3,0.0,0.0,0.0,0.0
2023-05-17,2.55,2.55,2.57,2.54,625341.0,,0.0,600170.SH,600170,2023-05-17,2.55,0.0,0.0,1,3,0.0,0.0,0.0,0.0
2023-05-18,2.56,2.54,2.57,2.53,805566.0,,-0.3921568627450855,600170.SH,600170,2023-05-18,2.55,-0.3921568627450855,0.0,1,3,0.0,0.0,0.0,0.0
2023-05-19,2.54,2.49,2.55,2.48,883287.0,,-1.9685039370078703,600170.SH,600170,2023-05-19,2.54,-1.9685039370078703,0.0,1,3,0.0,0.0,0.0,0.0
2023-05-22,2.49,2.45,2.5,2.45,878995.0,,-1.6064257028112428,600170.SH,600170,2023-05-22,2.49,-1.6064257028112428,0.0,1,3,0.0,0.0,0.0,0.0
2023-05-23,2.45,2.43,2.48,2.43,648510.0,,-0.8163265306122436,600170.SH,600170,2023-05-23,2.45,-0.8163265306122436,0.0,1,3,0.0,0.0,0.0,0.0
2023-05-24,2.44,2.41,2.44,2.4,731793.0,,-0.8230452674897082,600170.SH,600170,2023-05-24,2.43,-0.8230452674897082,0.0,1,3,0.0,0.0,0.0,0.0
2023-05-25,2.4,2.42,2.42,2.39,479774.0,,0.4149377593360981,600170.SH,600170,2023-05-25,2.41,0.4149377593360981,0.0,1,3,0.0,0.0,0.0,0.0
2023-05-26,2.42,2.44,2.46,2.41,379457.0,,0.8264462809917328,600170.SH,600170,2023-05-26,2.42,0.8264462809917328,0.0,1,3,0.0,0.0,0.0,0.0
2023-05-29,2.44,2.42,2.46,2.42,567358.0,,-0.8196721311475419,600170.SH,600170,2023-05-29,2.44,-0.8196721311475419,0.0,1,3,0.0,0.0,0.0,0.0
2023-05-30,2.42,2.48,2.48,2.42,684818.0,,2.4793388429751984,600170.SH,600170,2023-05-30,2.42,2.4793388429751984,0.0,1,3,0.0,0.0,0.0,0.0
2023-05-31,2.46,2.47,2.48,2.45,442699.0,,-0.4032258064516014,600170.SH,600170,2023-05-31,2.48,-0.4032258064516014,0.0,1,3,0.0,0.0,0.0,0.0
2023-06-01,2.47,2.47,2.49,2.45,459288.0,,0.0,600170.SH,600170,2023-06-01,2.47,0.0,0.0,1,3,0.0,0.0,0.0,0.0
2023-06-02,2.47,2.48,2.49,2.47,417875.0,,0.4048582995951344,600170.SH,600170,2023-06-02,2.47,0.4048582995951344,0.0,1,3,0.0,0.0,0.0,0.0
2023-06-05,2.49,2.48,2.5,2.47,371605.0,,0.0,600170.SH,600170,2023-06-05,2.48,0.0,0.0,1,3,0.0,0.0,0.0,0.0
2023-06-06,2.48,2.46,2.49,2.45,455040.0,,-0.8064516129032251,600170.SH,600170,2023-06-06,2.48,-0.8064516129032251,0.0,1,3,0.0,0.0,0.0,0.0
2023-06-07,2.46,2.49,2.5,2.46,560696.0,,1.2195121951219523,600170.SH,600170,2023-06-07,2.46,1.2195121951219523,0.0,1,3,0.0,0.0,0.0,0.0
2023-06-08,2.49,2.55,2.56,2.49,775494.0,,2.409638554216853,600170.SH,600170,2023-06-08,2.49,2.409638554216853,0.0,1,3,0.0,0.0,0.0,0.0
2023-06-09,2.55,2.6,2.61,2.54,1049282.0,,1.9607843137255052,600170.SH,600170,2023-06-09,2.55,1.9607843137255052,0.0,1,3,0.0,0.0,0.0,0.0
2023-06-12,2.61,2.58,2.61,2.57,680042.0,,-0.7692307692307665,600170.SH,600170,2023-06-12,2.6,-0.7692307692307665,0.0,1,3,0.0,0.0,0.0,0.0
2023-06-13,2.57,2.55,2.59,2.53,503990.0,,-1.1627906976744318,600170.SH,600170,2023-06-13,2.58,-1.1627906976744318,0.0,1,3,0.0,0.0,0.0,0.0
2023-06-14,2.55,2.53,2.57,2.52,388706.0,,-0.7843137254901933,600170.SH,600170,2023-06-14,2.55,-0.7843137254901933,0.0,1,3,0.0,0.0,0.0,0.0
2023-06-15,2.53,2.54,2.54,2.5,429250.0,,0.3952569169960673,600170.SH,600170,2023-06-15,2.53,0.3952569169960673,0.0,1,3,0.0,0.0,0.0,0.0
2023-06-16,2.55,2.53,2.56,2.52,478366.0,,-0.3937007874015852,600170.SH,600170,2023-06-16,2.54,-0.3937007874015852,0.0,1,3,0.0,0.0,0.0,0.0
2023-06-19,2.53,2.49,2.53,2.47,487984.0,,-1.5810276679841695,600170.SH,600170,2023-06-19,2.53,-1.5810276679841695,0.0,1,3,0.0,0.0,0.0,0.0
2023-06-20,2.5,2.47,2.51,2.46,462960.0,,-0.8032128514056214,600170.SH,600170,2023-06-20,2.49,-0.8032128514056214,0.0,1,3,0.0,0.0,0.0,0.0
2023-06-21,2.46,2.44,2.49,2.44,481601.0,,-1.2145748987854366,600170.SH,600170,2023-06-21,2.47,-1.2145748987854366,0.0,1,3,0.0,0.0,0.0,0.0
2023-06-26,2.44,2.41,2.44,2.41,466395.0,,-1.2295081967213073,600170.SH,600170,2023-06-26,2.44,-1.2295081967213073,0.0,1,3,0.0,0.0,0.0,0.0
2023-06-27,2.42,2.48,2.48,2.41,545837.0,,2.9045643153526868,600170.SH,600170,2023-06-27,2.41,2.9045643153526868,0.0,1,3,0.0,0.0,0.0,0.0
2023-06-28,2.47,2.52,2.53,2.46,537523.0,,1.6129032258064502,600170.SH,600170,2023-06-28,2.48,1.6129032258064502,0.0,1,3,0.0,0.0,0.0,0.0
2023-06-29,2.51,2.51,2.53,2.5,361882.0,,-0.3968253968254065,600170.SH,600170,2023-06-29,2.52,-0.3968253968254065,0.0,1,3,0.0,0.0,0.0,0.0
2023-06-30,2.51,2.52,2.55,2.5,355972.0,,0.3984063745019917,600170.SH,600170,2023-06-30,2.51,0.3984063745019917,0.0,1,3,0.0,0.0,0.0,0.0
2023-07-03,2.52,2.54,2.55,2.52,453595.0,,0.7936507936507908,600170.SH,600170,2023-07-03,2.52,0.7936507936507908,0.0,1,3,0.0,0.0,0.0,0.0
2023-07-04,2.53,2.54,2.55,2.52,350746.0,,0.0,600170.SH,600170,2023-07-04,2.54,0.0,0.0,1,3,0.0,0.0,0.0,0.0
2023-07-05,2.53,2.54,2.56,2.53,253097.0,,0.0,600170.SH,600170,2023-07-05,2.54,0.0,0.0,1,3,0.0,0.0,0.0,0.0
2023-07-06,2.53,2.52,2.54,2.52,211602.0,,-0.7874015748031482,600170.SH,600170,2023-07-06,2.54,-0.7874015748031482,0.0,1,3,0.0,0.0,0.0,0.0
2023-07-07,2.52,2.53,2.54,2.52,266616.0,,0.3968253968253954,600170.SH,600170,2023-07-07,2.52,0.3968253968253954,0.0,1,3,0.0,0.0,0.0,0.0
2023-07-10,2.53,2.55,2.56,2.52,361396.0,,0.7905138339920903,600170.SH,600170,2023-07-10,2.53,0.7905138339920903,0.0,1,3,0.0,0.0,0.0,0.0
2023-07-11,2.54,2.57,2.57,2.53,416002.0,,0.7843137254901933,600170.SH,600170,2023-07-11,2.55,0.7843137254901933,0.0,1,3,0.0,0.0,0.0,0.0
2023-07-12,2.57,2.52,2.57,2.52,374419.0,,-1.9455252918287869,600170.SH,600170,2023-07-12,2.57,-1.9455252918287869,0.0,1,3,0.0,0.0,0.0,0.0
2023-07-13,2.53,2.55,2.56,2.52,265194.0,,1.1904761904761862,600170.SH,600170,2023-07-13,2.52,1.1904761904761862,0.0,1,3,0.0,0.0,0.0,0.0
2023-07-14,2.56,2.56,2.56,2.53,345612.0,,0.3921568627450966,600170.SH,600170,2023-07-14,2.55,0.3921568627450966,0.0,1,3,0.0,0.0,0.0,0.0
2023-07-17,2.55,2.55,2.56,2.53,242316.0,,-0.3906250000000111,600170.SH,600170,2023-07-17,2.56,-0.3906250000000111,0.0,1,3,0.0,0.0,0.0,0.0
2023-07-18,2.55,2.55,2.56,2.53,297153.0,,0.0,600170.SH,600170,2023-07-18,2.55,0.0,0.0,1,3,0.0,0.0,0.0,0.0
2023-07-19,2.56,2.58,2.59,2.54,489651.0,,1.176470588235312,600170.SH,600170,2023-07-19,2.55,1.176470588235312,0.0,1,3,0.0,0.0,0.0,0.0
2023-07-20,2.59,2.57,2.6,2.56,337185.0,,-0.387596899224818,600170.SH,600170,2023-07-20,2.58,-0.387596899224818,0.0,1,3,0.0,0.0,0.0,0.0
2023-07-21,2.56,2.58,2.59,2.56,291454.0,,0.3891050583657574,600170.SH,600170,2023-07-21,2.57,0.3891050583657574,0.0,1,3,0.0,0.0,0.0,0.0
2023-07-24,2.6,2.62,2.63,2.59,546469.0,,1.5503875968992276,600170.SH,600170,2023-07-24,2.58,1.5503875968992276,0.0,1,3,0.0,0.0,0.0,0.0
2023-07-25,2.64,2.68,2.68,2.63,855957.0,,2.2900763358778558,600170.SH,600170,2023-07-25,2.62,2.2900763358778558,0.0,1,3,0.0,0.0,0.0,0.0
2023-07-26,2.68,2.71,2.72,2.67,859533.0,,1.1194029850746243,600170.SH,600170,2023-07-26,2.68,1.1194029850746243,0.0,1,3,0.0,0.0,0.0,0.0
2023-07-27,2.71,2.72,2.74,2.69,759438.0,,0.3690036900369176,600170.SH,600170,2023-07-27,2.71,0.3690036900369176,0.0,1,3,0.0,0.0,0.0,0.0
2023-07-28,2.71,2.75,2.76,2.7,704841.0,,1.1029411764705843,600170.SH,600170,2023-07-28,2.72,1.1029411764705843,0.0,1,3,0.0,0.0,0.0,0.0
2023-07-31,2.76,2.8,2.81,2.75,953798.0,,1.818181818181808,600170.SH,600170,2023-07-31,2.75,1.818181818181808,0.0,1,3,0.0,0.0,0.0,0.0
2023-08-01,2.81,2.82,2.86,2.78,1255850.0,,0.7142857142857117,600170.SH,600170,2023-08-01,2.8,0.7142857142857117,0.0,1,3,0.0,0.0,0.0,0.0
2023-08-02,2.81,2.79,2.83,2.77,947214.0,,-1.0638297872340383,600170.SH,600170,2023-08-02,2.82,-1.0638297872340383,0.0,1,3,0.0,0.0,0.0,0.0
2023-08-03,2.78,2.78,2.8,2.73,692632.0,,-0.3584229390681037,600170.SH,600170,2023-08-03,2.79,-0.3584229390681037,0.0,1,3,0.0,0.0,0.0,0.0
2023-08-04,2.8,2.79,2.83,2.77,1010367.0,,0.3597122302158251,600170.SH,600170,2023-08-04,2.78,0.3597122302158251,0.0,1,3,0.0,0.0,0.0,0.0
2023-08-07,2.8,2.76,2.8,2.74,542360.0,,-1.0752688172043112,600170.SH,600170,2023-08-07,2.79,-1.0752688172043112,0.0,1,3,0.0,0.0,0.0,0.0
2023-08-08,2.76,2.74,2.77,2.74,365132.0,,-0.7246376811594013,600170.SH,600170,2023-08-08,2.76,-0.7246376811594013,0.0,1,3,0.0,0.0,0.0,0.0
2023-08-09,2.74,2.73,2.76,2.73,336256.0,,-0.3649635036496401,600170.SH,600170,2023-08-09,2.74,-0.3649635036496401,0.0,1,3,0.0,0.0,0.0,0.0
2023-08-10,2.74,2.76,2.78,2.73,353635.0,"{'nd': '2022', 'fh_sh': '0.5', 'djr': '2023-08-09', 'cqr': '2023-08-10', 'FHcontent': '10派0.5元'}",1.098901098901095,600170.SH,600170,2023-08-10,2.73,1.098901098901095,0.0,1,3,0.0,0.0,0.0,0.0
2023-08-11,2.75,2.7,2.78,2.7,473835.0,,-2.1739130434782483,600170.SH,600170,2023-08-11,2.76,-2.1739130434782483,0.0,1,3,0.0,0.0,0.0,0.0
2023-08-14,2.7,2.72,2.74,2.66,427390.0,,0.7407407407407307,600170.SH,600170,2023-08-14,2.7,0.7407407407407307,0.0,1,3,0.0,0.0,0.0,0.0
2023-08-15,2.73,2.74,2.75,2.7,429085.0,,0.7352941176470562,600170.SH,600170,2023-08-15,2.72,0.7352941176470562,0.0,1,3,0.0,0.0,0.0,0.0
2023-08-16,2.72,2.72,2.75,2.69,337050.0,,-0.7299270072992692,600170.SH,600170,2023-08-16,2.74,-0.7299270072992692,0.0,1,3,0.0,0.0,0.0,0.0
2023-08-17,2.71,2.72,2.72,2.68,394631.0,,0.0,600170.SH,600170,2023-08-17,2.72,0.0,0.0,1,3,0.0,0.0,0.0,0.0
2023-08-18,2.71,2.7,2.75,2.69,418373.0,,-0.7352941176470562,600170.SH,600170,2023-08-18,2.72,-0.7352941176470562,0.0,1,3,0.0,0.0,0.0,0.0
2023-08-21,2.7,2.7,2.75,2.7,428084.0,,0.0,600170.SH,600170,2023-08-21,2.7,0.0,0.0,1,3,0.0,0.0,0.0,0.0
2023-08-22,2.71,2.71,2.72,2.68,427913.0,,0.3703703703703542,600170.SH,600170,2023-08-22,2.7,0.3703703703703542,0.0,1,3,0.0,0.0,0.0,0.0
2023-08-23,2.72,2.67,2.72,2.67,387392.0,,-1.4760147601476037,600170.SH,600170,2023-08-23,2.71,-1.4760147601476037,0.0,1,3,0.0,0.0,0.0,0.0
2023-08-24,2.69,2.64,2.7,2.62,491938.0,,-1.1235955056179692,600170.SH,600170,2023-08-24,2.67,-1.1235955056179692,0.0,1,3,0.0,0.0,0.0,0.0
2023-08-25,2.64,2.68,2.73,2.62,658829.0,,1.5151515151515138,600170.SH,600170,2023-08-25,2.64,1.5151515151515138,0.0,1,3,0.0,0.0,0.0,0.0
2023-08-28,2.81,2.71,2.84,2.7,741922.0,,1.1194029850746243,600170.SH,600170,2023-08-28,2.68,1.1194029850746243,0.0,1,3,0.0,0.0,0.0,0.0
2023-08-29,2.72,2.73,2.77,2.7,771017.0,,0.7380073800737907,600170.SH,600170,2023-08-29,2.71,0.7380073800737907,0.0,1,3,0.0,0.0,0.0,0.0
2023-08-30,2.72,2.66,2.73,2.66,570985.0,,-2.564102564102555,600170.SH,600170,2023-08-30,2.73,-2.564102564102555,0.0,1,3,0.0,0.0,0.0,0.0
2023-08-31,2.68,2.68,2.72,2.66,537742.0,,0.7518796992481258,600170.SH,600170,2023-08-31,2.66,0.7518796992481258,0.0,1,3,0.0,0.0,0.0,0.0
2023-09-01,2.67,2.66,2.68,2.65,447390.0,,-0.7462686567164201,600170.SH,600170,2023-09-01,2.68,-0.7462686567164201,0.0,1,3,0.0,0.0,0.0,0.0
2023-09-04,2.67,2.71,2.72,2.66,642256.0,,1.8796992481203036,600170.SH,600170,2023-09-04,2.66,1.8796992481203036,0.0,1,3,0.0,0.0,0.0,0.0
2023-09-05,2.7,2.68,2.71,2.66,424405.0,,-1.1070110701106972,600170.SH,600170,2023-09-05,2.71,-1.1070110701106972,0.0,1,3,0.0,0.0,0.0,0.0
2023-09-06,2.68,2.66,2.68,2.65,361099.0,,-0.7462686567164201,600170.SH,600170,2023-09-06,2.68,-0.7462686567164201,0.0,1,3,0.0,0.0,0.0,0.0
2023-09-07,2.66,2.63,2.67,2.63,408896.0,,-1.1278195488721887,600170.SH,600170,2023-09-07,2.66,-1.1278195488721887,0.0,1,3,0.0,0.0,0.0,0.0
2023-09-08,2.63,2.59,2.64,2.59,541478.0,,-1.520912547528519,600170.SH,600170,2023-09-08,2.63,-1.520912547528519,0.0,1,3,0.0,0.0,0.0,0.0
2023-09-11,2.59,2.66,2.66,2.59,689375.0,,2.7027027027027195,600170.SH,600170,2023-09-11,2.59,2.7027027027027195,0.0,1,3,0.0,0.0,0.0,0.0
2023-09-12,2.66,2.65,2.67,2.63,322921.0,,-0.375939849624074,600170.SH,600170,2023-09-12,2.66,-0.375939849624074,0.0,1,3,0.0,0.0,0.0,0.0
2023-09-13,2.66,2.67,2.68,2.65,437662.0,,0.7547169811320753,600170.SH,600170,2023-09-13,2.65,0.7547169811320753,0.0,1,3,0.0,0.0,0.0,0.0
2023-09-14,2.69,2.71,2.71,2.67,497662.0,,1.4981273408239737,600170.SH,600170,2023-09-14,2.67,1.4981273408239737,0.0,1,3,0.0,0.0,0.0,0.0
2023-09-15,2.71,2.68,2.71,2.67,439011.0,,-1.1070110701106972,600170.SH,600170,2023-09-15,2.71,-1.1070110701106972,0.0,1,3,0.0,0.0,0.0,0.0
2023-09-18,2.68,2.67,2.69,2.65,364173.0,,-0.3731343283582156,600170.SH,600170,2023-09-18,2.68,-0.3731343283582156,0.0,1,3,0.0,0.0,0.0,0.0
2023-09-19,2.67,2.7,2.71,2.66,362552.0,,1.1235955056179805,600170.SH,600170,2023-09-19,2.67,1.1235955056179805,0.0,1,3,0.0,0.0,0.0,0.0
2023-09-20,2.7,2.7,2.71,2.68,348719.0,,0.0,600170.SH,600170,2023-09-20,2.7,0.0,0.0,1,3,0.0,0.0,0.0,0.0
2023-09-21,2.7,2.67,2.7,2.66,286601.0,,-1.1111111111111185,600170.SH,600170,2023-09-21,2.7,-1.1111111111111185,0.0,1,3,0.0,0.0,0.0,0.0
2023-09-22,2.67,2.68,2.7,2.65,332757.0,,0.3745318352059934,600170.SH,600170,2023-09-22,2.67,0.3745318352059934,0.0,1,3,0.0,0.0,0.0,0.0
2023-09-25,2.68,2.67,2.69,2.66,311702.0,,-0.3731343283582156,600170.SH,600170,2023-09-25,2.68,-0.3731343283582156,0.0,1,3,0.0,0.0,0.0,0.0
2023-09-26,2.68,2.66,2.69,2.66,319681.0,,-0.3745318352059823,600170.SH,600170,2023-09-26,2.67,-0.3745318352059823,0.0,1,3,0.0,0.0,0.0,0.0
2023-09-27,2.68,2.7,2.71,2.67,407298.0,,1.5037593984962516,600170.SH,600170,2023-09-27,2.66,1.5037593984962516,0.0,1,3,0.0,0.0,0.0,0.0
2023-09-28,2.69,2.63,2.7,2.63,746591.0,,-2.592592592592602,600170.SH,600170,2023-09-28,2.7,-2.592592592592602,0.0,1,3,0.0,0.0,0.0,0.0
2023-10-09,2.63,2.65,2.68,2.62,629346.0,,0.7604562737642651,600170.SH,600170,2023-10-09,2.63,0.7604562737642651,0.0,1,3,0.0,0.0,0.0,0.0
2023-10-10,2.65,2.56,2.67,2.56,766615.0,,-3.396226415094339,600170.SH,600170,2023-10-10,2.65,-3.396226415094339,0.0,1,3,0.0,0.0,0.0,0.0
2023-10-11,2.57,2.57,2.61,2.56,576150.0,,0.390625,600170.SH,600170,2023-10-11,2.56,0.390625,0.0,1,3,0.0,0.0,0.0,0.0
2023-10-12,2.59,2.64,2.65,2.58,695273.0,,2.723735408560324,600170.SH,600170,2023-10-12,2.57,2.723735408560324,0.0,1,3,0.0,0.0,0.0,0.0
2023-10-13,2.63,2.59,2.63,2.57,491974.0,,-1.8939393939394036,600170.SH,600170,2023-10-13,2.64,-1.8939393939394036,0.0,1,3,0.0,0.0,0.0,0.0
2023-10-16,2.6,2.59,2.61,2.58,320251.0,,0.0,600170.SH,600170,2023-10-16,2.59,0.0,0.0,1,3,0.0,0.0,0.0,0.0
2023-10-17,2.6,2.6,2.61,2.59,218950.0,,0.3861003861003853,600170.SH,600170,2023-10-17,2.59,0.3861003861003853,0.0,1,3,0.0,0.0,0.0,0.0
2023-10-18,2.6,2.61,2.61,2.58,439376.0,,0.3846153846153832,600170.SH,600170,2023-10-18,2.6,0.3846153846153832,0.0,1,3,0.0,0.0,0.0,0.0
2023-10-19,2.58,2.53,2.59,2.53,541157.0,,-3.065134099616862,600170.SH,600170,2023-10-19,2.61,-3.065134099616862,0.0,1,3,0.0,0.0,0.0,0.0
2023-10-20,2.53,2.52,2.56,2.51,383771.0,,-0.395256916996034,600170.SH,600170,2023-10-20,2.53,-0.395256916996034,0.0,1,3,0.0,0.0,0.0,0.0
2023-10-23,2.52,2.45,2.53,2.44,407494.0,,-2.777777777777768,600170.SH,600170,2023-10-23,2.52,-2.777777777777768,0.0,1,3,0.0,0.0,0.0,0.0
2023-10-24,2.47,2.48,2.49,2.45,495005.0,,1.2244897959183598,600170.SH,600170,2023-10-24,2.45,1.2244897959183598,0.0,1,3,0.0,0.0,0.0,0.0
2023-10-25,2.52,2.56,2.57,2.52,656556.0,,3.2258064516129004,600170.SH,600170,2023-10-25,2.48,3.2258064516129004,0.0,1,3,0.0,0.0,0.0,0.0
2023-10-26,2.54,2.57,2.58,2.53,386939.0,,0.390625,600170.SH,600170,2023-10-26,2.56,0.390625,0.0,1,3,0.0,0.0,0.0,0.0
2023-10-27,2.57,2.58,2.6,2.55,376384.0,,0.3891050583657574,600170.SH,600170,2023-10-27,2.57,0.3891050583657574,0.0,1,3,0.0,0.0,0.0,0.0
2023-10-30,2.58,2.54,2.59,2.54,452860.0,,-1.5503875968992276,600170.SH,600170,2023-10-30,2.58,-1.5503875968992276,0.0,1,3,0.0,0.0,0.0,0.0
2023-10-31,2.55,2.51,2.56,2.49,560569.0,,-1.1811023622047334,600170.SH,600170,2023-10-31,2.54,-1.1811023622047334,0.0,1,3,0.0,0.0,0.0,0.0
2023-11-01,2.51,2.46,2.52,2.46,860652.0,,-1.9920318725099584,600170.SH,600170,2023-11-01,2.51,-1.9920318725099584,0.0,1,3,0.0,0.0,0.0,0.0
2023-11-02,2.46,2.44,2.48,2.44,582321.0,,-0.8130081300813052,600170.SH,600170,2023-11-02,2.46,-0.8130081300813052,0.0,1,3,0.0,0.0,0.0,0.0
2023-11-03,2.44,2.44,2.47,2.44,737735.0,,0.0,600170.SH,600170,2023-11-03,2.44,0.0,0.0,1,3,0.0,0.0,0.0,0.0
2023-11-06,2.45,2.47,2.48,2.45,744854.0,,1.2295081967213184,600170.SH,600170,2023-11-06,2.44,1.2295081967213184,0.0,1,3,0.0,0.0,0.0,0.0
2023-11-07,2.47,2.47,2.49,2.46,624667.0,,0.0,600170.SH,600170,2023-11-07,2.47,0.0,0.0,1,3,0.0,0.0,0.0,0.0
2023-11-08,2.47,2.46,2.48,2.44,697404.0,,-0.4048582995951455,600170.SH,600170,2023-11-08,2.47,-0.4048582995951455,0.0,1,3,0.0,0.0,0.0,0.0
2023-11-09,2.45,2.45,2.47,2.45,460080.0,,-0.406504065040647,600170.SH,600170,2023-11-09,2.46,-0.406504065040647,0.0,1,3,0.0,0.0,0.0,0.0
2023-11-10,2.45,2.42,2.46,2.41,645759.0,,-1.224489795918382,600170.SH,600170,2023-11-10,2.45,-1.224489795918382,0.0,1,3,0.0,0.0,0.0,0.0
2023-11-13,2.43,2.45,2.45,2.42,436019.0,,1.2396694214876105,600170.SH,600170,2023-11-13,2.42,1.2396694214876105,0.0,1,3,0.0,0.0,0.0,0.0
2023-11-14,2.44,2.46,2.48,2.44,615517.0,,0.4081632653061051,600170.SH,600170,2023-11-14,2.45,0.4081632653061051,0.0,1,3,0.0,0.0,0.0,0.0
2023-11-15,2.47,2.46,2.48,2.45,418426.0,,0.0,600170.SH,600170,2023-11-15,2.46,0.0,0.0,1,3,0.0,0.0,0.0,0.0
2023-11-16,2.46,2.43,2.46,2.43,369333.0,,-1.2195121951219412,600170.SH,600170,2023-11-16,2.46,-1.2195121951219412,0.0,1,3,0.0,0.0,0.0,0.0
2023-11-17,2.43,2.43,2.44,2.42,495858.0,,0.0,600170.SH,600170,2023-11-17,2.43,0.0,0.0,1,3,0.0,0.0,0.0,0.0
2023-11-20,2.43,2.44,2.44,2.42,328438.0,,0.411522633744843,600170.SH,600170,2023-11-20,2.43,0.411522633744843,0.0,1,3,0.0,0.0,0.0,0.0
2023-11-21,2.44,2.44,2.46,2.43,629402.0,,0.0,600170.SH,600170,2023-11-21,2.44,0.0,0.0,1,3,0.0,0.0,0.0,0.0
2023-11-22,2.43,2.42,2.44,2.41,476177.0,,-0.8196721311475419,600170.SH,600170,2023-11-22,2.44,-0.8196721311475419,0.0,1,3,0.0,0.0,0.0,0.0
2023-11-23,2.42,2.43,2.44,2.41,482477.0,,0.4132231404958775,600170.SH,600170,2023-11-23,2.42,0.4132231404958775,0.0,1,3,0.0,0.0,0.0,0.0
2023-11-24,2.43,2.42,2.45,2.42,484461.0,,-0.4115226337448652,600170.SH,600170,2023-11-24,2.43,-0.4115226337448652,0.0,1,3,0.0,0.0,0.0,0.0
2023-11-27,2.42,2.4,2.43,2.39,588477.0,,-0.8264462809917328,600170.SH,600170,2023-11-27,2.42,-0.8264462809917328,0.0,1,3,0.0,0.0,0.0,0.0
2023-11-28,2.4,2.4,2.41,2.39,458264.0,,0.0,600170.SH,600170,2023-11-28,2.4,0.0,0.0,1,3,0.0,0.0,0.0,0.0
2023-11-29,2.4,2.4,2.41,2.39,441069.0,,0.0,600170.SH,600170,2023-11-29,2.4,0.0,0.0,1,3,0.0,0.0,0.0,0.0
2023-11-30,2.39,2.38,2.4,2.38,483916.0,,-0.8333333333333304,600170.SH,600170,2023-11-30,2.4,-0.8333333333333304,0.0,1,3,0.0,0.0,0.0,0.0
2023-12-01,2.39,2.4,2.41,2.38,477728.0,,0.8403361344537785,600170.SH,600170,2023-12-01,2.38,0.8403361344537785,0.0,1,3,0.0,0.0,0.0,0.0
2023-12-04,2.4,2.41,2.42,2.4,474047.0,,0.4166666666666874,600170.SH,600170,2023-12-04,2.4,0.4166666666666874,0.0,1,3,0.0,0.0,0.0,0.0
2023-12-05,2.41,2.38,2.41,2.38,417930.0,,-1.2448132780083054,600170.SH,600170,2023-12-05,2.41,-1.2448132780083054,0.0,1,3,0.0,0.0,0.0,0.0
2023-12-06,2.38,2.38,2.4,2.37,404168.0,,0.0,600170.SH,600170,2023-12-06,2.38,0.0,0.0,1,3,0.0,0.0,0.0,0.0
2023-12-07,2.38,2.38,2.39,2.37,528113.0,,0.0,600170.SH,600170,2023-12-07,2.38,0.0,0.0,1,3,0.0,0.0,0.0,0.0
2023-12-08,2.38,2.38,2.41,2.37,886007.0,,0.0,600170.SH,600170,2023-12-08,2.38,0.0,0.0,1,3,0.0,0.0,0.0,0.0
2023-12-11,2.38,2.38,2.39,2.34,973348.0,,0.0,600170.SH,600170,2023-12-11,2.38,0.0,0.0,1,3,0.0,0.0,0.0,0.0
2023-12-12,2.38,2.41,2.42,2.36,863302.0,,1.26050420168069,600170.SH,600170,2023-12-12,2.38,1.26050420168069,0.0,1,3,0.0,0.0,0.0,0.0
2023-12-13,2.42,2.4,2.42,2.39,417742.0,,-0.4149377593361092,600170.SH,600170,2023-12-13,2.41,-0.4149377593361092,0.0,1,3,0.0,0.0,0.0,0.0
2023-12-14,2.4,2.4,2.41,2.4,324861.0,,0.0,600170.SH,600170,2023-12-14,2.4,0.0,0.0,1,3,0.0,0.0,0.0,0.0
2023-12-15,2.4,2.37,2.42,2.37,614202.0,,-1.2499999999999956,600170.SH,600170,2023-12-15,2.4,-1.2499999999999956,0.0,1,3,0.0,0.0,0.0,0.0
2023-12-18,2.37,2.38,2.41,2.37,676341.0,,0.421940928270037,600170.SH,600170,2023-12-18,2.37,0.421940928270037,0.0,1,3,0.0,0.0,0.0,0.0
2023-12-19,2.38,2.35,2.38,2.33,808207.0,,-1.2605042016806678,600170.SH,600170,2023-12-19,2.38,-1.2605042016806678,0.0,1,3,0.0,0.0,0.0,0.0
2023-12-20,2.34,2.33,2.35,2.32,364825.0,,-0.8510638297872353,600170.SH,600170,2023-12-20,2.35,-0.8510638297872353,0.0,1,3,0.0,0.0,0.0,0.0
2023-12-21,2.32,2.32,2.33,2.3,548053.0,,-0.4291845493562318,600170.SH,600170,2023-12-21,2.33,-0.4291845493562318,0.0,1,3,0.0,0.0,0.0,0.0
2023-12-22,2.33,2.33,2.34,2.3,494052.0,,0.4310344827586299,600170.SH,600170,2023-12-22,2.32,0.4310344827586299,0.0,1,3,0.0,0.0,0.0,0.0
2023-12-25,2.33,2.31,2.34,2.31,259969.0,,-0.8583690987124526,600170.SH,600170,2023-12-25,2.33,-0.8583690987124526,0.0,1,3,0.0,0.0,0.0,0.0
2023-12-26,2.31,2.3,2.32,2.27,404847.0,,-0.4329004329004404,600170.SH,600170,2023-12-26,2.31,-0.4329004329004404,0.0,1,3,0.0,0.0,0.0,0.0
2023-12-27,2.29,2.23,2.29,2.22,913350.0,,-3.0434782608695587,600170.SH,600170,2023-12-27,2.3,-3.0434782608695587,0.0,1,3,0.0,0.0,0.0,0.0
2023-12-28,2.23,2.23,2.25,2.21,1562338.0,,0.0,600170.SH,600170,2023-12-28,2.23,0.0,0.0,1,3,0.0,0.0,0.0,0.0
2023-12-29,2.23,2.22,2.23,2.21,1019326.0,,-0.4484304932735328,600170.SH,600170,2023-12-29,2.23,-0.4484304932735328,0.0,1,3,0.0,0.0,0.0,0.0
