date,code,open,high,low,close,preclose,volume,amount,adjustflag,turn,tradestatus,pctChg,peTTM,pbMRQ,psTTM,pcfNcfTTM,ts_code,trade_date
2025-02-25,sz.002290,24.0000,25.6300,23.8700,23.8700,26.5200,34181384,832059205.6900,3,13.824600,1,-9.992500,70.621360,7.472839,2.394148,54.828110,sz.002290.SZ,2025-02-25
2025-02-26,sz.002290,24.0400,24.6000,22.6700,24.0000,23.8700,29028097,685700934.2400,3,11.740400,1,0.544600,71.005976,7.513537,2.407187,55.126713,sz.002290.SZ,2025-02-26
2025-02-27,sz.002290,24.0000,24.9900,22.8800,24.0800,24.0000,22051233,525762885.3500,3,8.918600,1,0.333300,71.242663,7.538582,2.415211,55.310469,sz.002290.SZ,2025-02-27
2025-02-28,sz.002290,24.5200,26.4900,24.5100,24.8000,24.0800,33361767,853609769.6200,3,13.493100,1,2.990000,73.372842,7.763988,2.487427,56.964270,sz.002290.SZ,2025-02-28
2025-03-03,sz.002290,24.4300,25.5000,22.3200,22.3200,24.8000,26245922,618344080.1500,3,10.615100,1,-10.000000,66.035558,6.987590,2.238684,51.267843,sz.002290.SZ,2025-03-03
2025-03-04,sz.002290,21.3000,24.3300,21.3000,23.6000,22.3200,22335863,517713111.6800,3,9.033700,1,5.734800,69.822543,7.388311,2.367067,54.207934,sz.002290.SZ,2025-03-04
2025-03-05,sz.002290,24.2700,25.5500,23.6300,25.4500,23.6000,17973963,443813574.9700,3,7.269600,1,7.839000,75.295920,7.967480,2.552621,58.457285,sz.002290.SZ,2025-03-05
2025-03-06,sz.002290,25.0000,26.6000,24.7100,25.8200,25.4500,17559181,453175204.9700,3,7.101800,1,1.453800,76.390596,8.083314,2.589732,59.307155,sz.002290.SZ,2025-03-06
2025-03-07,sz.002290,25.8000,27.6500,25.4000,27.0500,25.8200,16197221,434437324.5600,3,6.551000,1,4.763700,80.029652,8.468382,2.713100,62.132399,sz.002290.SZ,2025-03-07
2025-03-10,sz.002290,26.5000,28.3000,26.1100,28.0600,27.0500,14198711,390613497.7000,3,5.742700,1,3.733800,83.017820,8.784577,2.814403,64.452315,sz.002290.SZ,2025-03-10
2025-03-11,sz.002290,27.7900,27.8900,26.6500,27.0700,28.0600,9810680,265419793.2900,3,3.967900,1,-3.528200,80.088824,8.474644,2.715106,62.178338,sz.002290.SZ,2025-03-11
2025-03-12,sz.002290,27.3000,27.8400,26.5000,27.0200,27.0700,10475214,283782245.7600,3,4.236700,1,-0.184700,79.940895,8.458991,2.710091,62.063491,sz.002290.SZ,2025-03-12
2025-03-13,sz.002290,27.0100,27.0100,25.5000,25.6200,27.0200,9595887,250878093.5700,3,3.881000,1,-5.181300,75.798879,8.020701,2.569672,58.847766,sz.002290.SZ,2025-03-13
2025-03-14,sz.002290,26.0100,27.1400,25.5600,26.9600,25.6200,11226773,295016851.7100,3,4.540700,1,5.230300,79.763380,8.440207,2.704073,61.925674,sz.002290.SZ,2025-03-14
2025-03-17,sz.002290,26.9900,29.0600,26.7800,28.3600,26.9600,15880308,444574998.6600,3,6.422800,1,5.192900,83.905395,8.878496,2.844493,65.141399,sz.002290.SZ,2025-03-17
2025-03-18,sz.002290,28.2000,28.9900,27.8000,28.3900,28.3600,8563455,242955534.2500,3,3.463500,1,0.105800,83.994153,8.887888,2.847502,65.210307,sz.002290.SZ,2025-03-18
2025-03-19,sz.002290,28.4000,29.6600,28.2200,28.3500,28.3900,14100700,408025121.9900,3,5.703000,1,-0.140900,83.875809,8.875366,2.843490,65.118430,sz.002290.SZ,2025-03-19
2025-03-20,sz.002290,28.1600,29.8700,28.0100,29.0000,28.3500,10428400,302376711.0000,3,4.217800,1,2.292800,85.798888,9.078857,2.908684,66.611445,sz.002290.SZ,2025-03-20
2025-03-21,sz.002290,28.7100,28.9500,26.7900,27.1400,29.0000,12023056,332163460.1600,3,4.862700,1,-6.413800,80.295925,8.496558,2.722127,62.339124,sz.002290.SZ,2025-03-21
2025-03-24,sz.002290,27.3300,27.7700,25.5300,26.0000,27.1400,8246100,217490477.0000,3,3.335100,1,-4.200400,76.923141,8.139665,2.607786,59.720606,sz.002290.SZ,2025-03-24
2025-03-25,sz.002290,26.2000,26.4500,25.1700,25.4000,26.0000,7322700,189136848.0000,3,2.961700,1,-2.307700,75.147991,7.951827,2.547606,58.342438,sz.002290.SZ,2025-03-25
2025-03-26,sz.002290,25.2000,26.8600,25.2000,26.4500,25.4000,7179620,187676526.4000,3,2.903800,1,4.133900,78.254503,8.280544,2.652921,60.754231,sz.002290.SZ,2025-03-26
2025-03-27,sz.002290,26.7000,26.7000,26.0000,26.1800,26.4500,5251000,137935567.0000,3,2.123800,1,-1.020800,77.455686,8.196017,2.625840,60.134056,sz.002290.SZ,2025-03-27
2025-03-28,sz.002290,25.9600,26.8200,25.7000,26.2200,26.1800,6427900,169248195.0000,3,2.599800,1,0.152800,66.443872,8.084931,2.575487,468.698067,sz.002290.SZ,2025-03-28
2025-03-31,sz.002290,26.0000,26.2000,24.8900,25.8800,26.2200,5249520,133767989.0000,3,2.123200,1,-1.296700,65.582281,7.980092,2.542090,462.620365,sz.002290.SZ,2025-03-31
2025-04-01,sz.002290,26.9900,27.1000,24.9500,25.7800,25.8800,8892900,228727860.0000,3,3.596700,1,-0.386400,65.328872,7.949257,2.532268,460.832805,sz.002290.SZ,2025-04-01
2025-04-02,sz.002290,25.8200,26.3600,25.4900,26.0800,25.7800,4557502,118609584.4000,3,1.843300,1,1.163700,66.089100,8.041762,2.561736,466.195483,sz.002290.SZ,2025-04-02
2025-04-03,sz.002290,25.5100,26.0900,25.2400,25.3400,26.0800,4710283,120361888.9200,3,1.905100,1,-2.837400,64.213872,7.813584,2.489048,452.967544,sz.002290.SZ,2025-04-03
2025-04-07,sz.002290,22.8200,23.8800,22.8100,22.8100,25.3400,4436797,101947711.7500,3,1.794500,1,-9.984200,57.802621,7.033459,2.240536,407.742292,sz.002290.SZ,2025-04-07
2025-04-08,sz.002290,22.5000,22.6600,20.5300,20.9000,22.8100,12560483,265297797.7200,3,5.080100,1,-8.373500,52.962507,6.444511,2.052925,373.599908,sz.002290.SZ,2025-04-08
2025-04-09,sz.002290,20.5000,21.9400,18.8500,21.5000,20.9000,9055000,185169259.9300,3,3.662300,1,2.870800,54.482962,6.629520,2.111860,384.325264,sz.002290.SZ,2025-04-09
2025-04-10,sz.002290,22.3000,23.3000,22.3000,23.0700,21.5000,6472900,148570451.2000,3,2.618000,1,7.302300,58.461485,7.113630,2.266075,412.389946,sz.002290.SZ,2025-04-10
2025-04-11,sz.002290,23.1300,24.1100,22.6000,23.6700,23.0700,6901900,161503544.0000,3,2.791500,1,2.600800,59.981940,7.298639,2.325011,423.115303,sz.002290.SZ,2025-04-11
2025-04-14,sz.002290,24.0100,24.4300,23.6500,24.0500,23.6700,5042400,121321547.0000,3,2.039400,1,1.605400,60.944894,7.415812,2.362337,429.908028,sz.002290.SZ,2025-04-14
2025-04-15,sz.002290,24.1000,24.4000,23.3800,24.0800,24.0500,3850604,92126787.1600,3,1.557400,1,0.124700,61.020917,7.425063,2.365283,430.444296,sz.002290.SZ,2025-04-15
2025-04-16,sz.002290,24.1100,24.1600,23.0500,23.5400,24.0800,3039700,71517247.0000,3,1.229400,1,-2.242500,59.652508,7.258554,2.312241,420.791475,sz.002290.SZ,2025-04-16
2025-04-17,sz.002290,23.3500,24.2500,23.3500,23.4800,23.5400,2943521,69798273.0800,3,1.190500,1,-0.254900,59.500462,7.240053,2.306348,419.718940,sz.002290.SZ,2025-04-17
2025-04-18,sz.002290,23.5200,24.7300,23.2000,24.3900,23.4800,6612621,159504604.5900,3,2.674500,1,3.875600,61.806485,7.520651,2.395734,435.985730,sz.002290.SZ,2025-04-18
2025-04-21,sz.002290,24.3700,25.1800,24.0000,24.8600,24.3900,5592520,137612606.0000,3,2.261900,1,1.927000,62.997508,7.665576,2.441900,444.387259,sz.002290.SZ,2025-04-21
2025-04-22,sz.002290,24.6600,25.0900,24.5500,24.9000,24.8600,3070500,76270996.0000,3,1.241900,1,0.160900,63.098872,7.677910,2.445829,445.102283,sz.002290.SZ,2025-04-22
2025-04-23,sz.002290,25.0800,25.8500,24.8500,25.4100,24.9000,5129300,130595834.0000,3,2.074500,1,2.048200,64.391259,7.835168,2.495924,454.218836,sz.002290.SZ,2025-04-23
2025-04-24,sz.002290,25.3000,25.8500,25.0200,25.4900,25.4100,3946900,100485204.0000,3,1.596300,1,0.314800,52.277741,-21.112217,2.428738,62.061221,sz.002290.SZ,2025-04-24
2025-04-25,sz.002290,25.7700,25.9200,25.4000,25.5600,25.4900,2816405,72297376.2000,3,1.139100,1,0.274600,52.421305,7.412077,2.435408,62.231652,sz.002290.SZ,2025-04-25
2025-04-28,sz.002290,26.0000,26.1800,25.3500,25.4200,25.5600,2139211,54716821.4600,3,0.865200,1,-0.547700,52.134177,7.371479,2.422069,61.890790,sz.002290.SZ,2025-04-28
2025-04-29,sz.002290,25.3600,25.5800,24.9300,25.0000,25.4200,2772401,69956663.3600,3,1.121300,1,-1.652200,51.272794,7.249684,2.382050,60.868204,sz.002290.SZ,2025-04-29
2025-04-30,sz.002290,25.2600,25.9200,25.0500,25.8000,25.0000,3236900,82564634.0000,3,1.309200,1,3.200000,52.913524,7.481674,2.458276,62.815987,sz.002290.SZ,2025-04-30
2025-05-06,sz.002290,25.8000,28.3800,25.6000,28.3800,25.8000,6341011,172785035.0800,3,2.564600,1,10.000000,58.204876,8.229842,2.704103,69.097585,sz.002290.SZ,2025-05-06
2025-05-07,sz.002290,30.0000,31.2200,29.7800,31.2200,28.3800,2865200,88853313.0000,3,1.158800,1,10.007000,64.029466,9.053406,2.974704,76.012214,sz.002290.SZ,2025-05-07
2025-05-08,sz.002290,33.4000,33.4000,29.0800,29.1800,31.2200,20066230,606466199.1400,3,8.115800,1,-6.534300,59.845606,8.461832,2.780329,71.045368,sz.002290.SZ,2025-05-08
2025-05-09,sz.002290,29.2500,29.4800,28.3900,28.9000,29.1800,8592512,247952996.2800,3,3.475200,1,-0.959600,59.271350,8.380635,2.753650,70.363644,sz.002290.SZ,2025-05-09
2025-05-12,sz.002290,29.5700,31.7900,29.5700,31.7900,28.9000,9373900,290404693.9900,3,3.791300,1,10.000000,65.198485,9.218699,3.029015,77.400009,sz.002290.SZ,2025-05-12
2025-05-13,sz.002290,32.3600,33.9000,32.1100,33.0400,31.7900,15118880,497979458.3500,3,6.114800,1,3.932100,67.762125,9.581183,3.148118,80.443419,sz.002290.SZ,2025-05-13
2025-05-14,sz.002290,33.0900,33.2000,31.7800,32.5600,33.0400,10162100,329732111.8200,3,4.110100,1,-1.452800,66.777688,9.441989,3.102382,79.274749,sz.002290.SZ,2025-05-14
2025-05-15,sz.002290,32.5600,32.5600,31.4700,32.1400,32.5600,5351200,170949571.0000,3,2.164300,1,-1.289900,65.916305,9.320194,3.062364,78.252163,sz.002290.SZ,2025-05-15
2025-05-16,sz.002290,32.0000,32.4000,31.6000,32.1300,32.1400,4196510,134549136.5000,3,1.697300,1,-0.031100,65.895795,9.317294,3.061411,78.227816,sz.002290.SZ,2025-05-16
2025-05-19,sz.002290,32.0200,32.2900,30.5500,31.1000,32.1300,6991259,218252247.0000,3,2.827600,1,-3.205700,63.783356,9.018607,2.963271,75.720046,sz.002290.SZ,2025-05-19
2025-05-20,sz.002290,31.4000,31.4800,30.7200,30.7600,31.1000,4215600,130632025.0000,3,1.705000,1,-1.093200,63.086046,8.920012,2.930875,74.892239,sz.002290.SZ,2025-05-20
2025-05-21,sz.002290,30.9500,33.0000,30.5100,31.0600,30.7600,6500300,204154166.0000,3,2.629000,1,0.975300,63.701320,9.007008,2.959459,75.622657,sz.002290.SZ,2025-05-21
2025-05-22,sz.002290,31.1200,32.2000,30.8100,31.0300,31.0600,4410900,138594732.0000,3,1.784000,1,-0.096600,63.639792,8.998308,2.956601,75.549615,sz.002290.SZ,2025-05-22
2025-05-23,sz.002290,30.3800,31.2500,30.2000,30.4100,31.0300,4102647,125643770.8300,3,1.659300,1,-1.998100,62.368227,8.818516,2.897526,74.040084,sz.002290.SZ,2025-05-23
2025-05-26,sz.002290,30.4900,30.7800,29.9300,30.3300,30.4100,2736210,82770103.0700,3,1.106700,1,-0.263100,62.204154,8.795317,2.889903,73.845305,sz.002290.SZ,2025-05-26
2025-05-27,sz.002290,30.5100,31.2000,30.2500,30.6200,30.3300,3286404,101016068.1200,3,1.329200,1,0.956100,62.798919,8.879413,2.917535,74.551377,sz.002290.SZ,2025-05-27
2025-05-28,sz.002290,30.6200,30.9200,30.1100,30.4100,30.6200,2273800,69447059.0000,3,0.919600,1,-0.685800,62.368227,8.818516,2.897526,74.040084,sz.002290.SZ,2025-05-28
2025-05-29,sz.002290,30.4100,30.6200,29.7500,29.8600,30.4100,3731400,112226523.0000,3,1.509200,1,-1.808600,61.240226,8.659023,2.845121,72.700983,sz.002290.SZ,2025-05-29
2025-05-30,sz.002290,30.0300,30.3500,29.7500,30.1800,29.8600,3159300,94908935.0000,3,1.277800,1,1.071700,61.896517,8.751819,2.875611,73.480096,sz.002290.SZ,2025-05-30
2025-06-03,sz.002290,30.0000,31.2000,29.8500,30.9900,30.1800,3342080,102804213.0000,3,1.351700,1,2.683900,63.557756,8.986709,2.952790,75.452226,sz.002290.SZ,2025-06-03
2025-06-04,sz.002290,31.3500,34.0900,31.3500,34.0900,30.9900,7166624,234806116.1100,3,2.898500,1,10.003200,69.915583,9.885670,3.248164,82.999883,sz.002290.SZ,2025-06-04
2025-06-05,sz.002290,34.7300,35.3300,33.8800,34.2500,34.0900,11258283,389395979.6500,3,4.553400,1,0.469300,70.243728,9.932068,3.263409,83.389440,sz.002290.SZ,2025-06-05
2025-06-06,sz.002290,34.0700,35.2300,34.0000,34.9500,34.2500,7101200,246751685.0000,3,2.872100,1,2.043800,71.679367,10.135059,3.330106,85.093750,sz.002290.SZ,2025-06-06
2025-06-09,sz.002290,34.9600,35.5400,33.7800,35.3900,34.9500,8938909,310697111.5900,3,3.615300,1,1.258900,72.581768,10.262653,3.372030,86.165030,sz.002290.SZ,2025-06-09
2025-06-10,sz.002290,36.8000,37.1600,35.3300,36.7000,35.3900,8935649,322770745.3600,3,3.614000,1,3.701600,75.268462,10.642537,3.496850,89.354524,sz.002290.SZ,2025-06-10
2025-06-11,sz.002290,36.2300,37.1600,34.9000,35.4200,36.7000,7402200,265994012.0000,3,2.993800,1,-3.487700,72.643295,10.271353,3.374889,86.238072,sz.002290.SZ,2025-06-11
2025-06-12,sz.002290,35.5000,35.9400,32.8000,34.1300,35.4200,12339801,426221217.2500,3,4.990800,1,-3.642000,69.997619,9.897269,3.251975,83.097272,sz.002290.SZ,2025-06-12
2025-06-13,sz.002290,34.1300,34.2100,30.9000,31.2300,34.1300,11594900,371234565.0200,3,4.689500,1,-8.496900,64.049975,9.056306,2.975657,76.036561,sz.002290.SZ,2025-06-13
2025-06-16,sz.002290,31.1900,33.2500,31.0000,32.8300,31.2300,7969500,256433154.0000,3,3.223300,1,5.123300,67.331434,9.520285,3.128108,79.932126,sz.002290.SZ,2025-06-16
2025-06-17,sz.002290,32.9700,32.9700,32.0000,32.4900,32.8300,3827202,124295501.8200,3,1.547900,1,-1.035600,66.634124,9.421690,3.095713,79.104318,sz.002290.SZ,2025-06-17
2025-06-18,sz.002290,32.2000,32.2000,30.1600,31.3900,32.4900,7224412,223940711.5400,3,2.921900,1,-3.385700,64.378121,9.102704,2.990902,76.426117,sz.002290.SZ,2025-06-18
2025-06-19,sz.002290,31.6000,31.9500,30.5600,30.7500,31.3900,3840300,119602732.0000,3,1.553200,1,-2.038900,63.065537,8.917112,2.929922,74.867891,sz.002290.SZ,2025-06-19
2025-06-20,sz.002290,30.7600,31.0700,30.3400,30.7700,30.7500,2581400,79272552.0000,3,1.044000,1,0.065000,63.106555,8.922911,2.931827,74.916586,sz.002290.SZ,2025-06-20
2025-06-23,sz.002290,30.3000,30.7200,29.7700,30.0200,30.7700,4609800,138688422.0000,3,1.864400,1,-2.437400,61.568372,8.705421,2.860366,73.090540,sz.002290.SZ,2025-06-23
2025-06-24,sz.002290,30.1700,31.0300,30.0200,30.6000,30.0200,3147900,96540410.3200,3,1.273200,1,1.932000,62.757900,8.873614,2.915630,74.502682,sz.002290.SZ,2025-06-24
2025-06-25,sz.002290,30.6800,31.1700,30.1400,30.4000,30.6000,3387800,103382190.1400,3,1.370200,1,-0.653600,62.347718,8.815616,2.896573,74.015736,sz.002290.SZ,2025-06-25
2025-06-26,sz.002290,30.4200,30.9700,30.1000,30.1100,30.4000,3194500,97331535.9700,3,1.292000,1,-0.953900,61.752954,8.731520,2.868941,73.309665,sz.002290.SZ,2025-06-26
2025-06-27,sz.002290,30.1000,30.3000,29.6400,30.1900,30.1100,2530801,75938686.1500,3,1.023600,1,0.265700,61.917027,8.754719,2.876564,73.504443,sz.002290.SZ,2025-06-27
2025-06-30,sz.002290,30.1900,31.2800,30.1600,31.2500,30.1900,5952296,183393717.8100,3,2.407400,1,3.511100,64.090993,9.062105,2.977563,76.085255,sz.002290.SZ,2025-06-30
2025-07-01,sz.002290,31.4400,32.2200,30.8700,31.4500,31.2500,3821401,119817457.3600,3,1.545600,1,0.640000,64.501175,9.120103,2.996619,76.572201,sz.002290.SZ,2025-07-01
2025-07-02,sz.002290,31.6400,31.8800,31.0000,31.2600,31.4500,3800612,119105483.5400,3,1.537200,1,-0.604100,64.111502,9.065005,2.978516,76.109603,sz.002290.SZ,2025-07-02
2025-07-03,sz.002290,31.2200,32.3000,30.9200,31.3500,31.2600,4894800,154602362.9200,3,1.979700,1,0.287900,64.296084,9.091104,2.987091,76.328728,sz.002290.SZ,2025-07-03
2025-07-04,sz.002290,31.1600,31.2700,30.4000,30.5000,31.3500,2855300,87617167.0000,3,1.154800,1,-2.711300,62.552809,8.844615,2.906101,74.259209,sz.002290.SZ,2025-07-04
2025-07-07,sz.002290,30.7000,31.4800,30.3000,30.8400,30.5000,3136103,97006324.6200,3,1.268400,1,1.114800,63.250119,8.943211,2.938497,75.087017,sz.002290.SZ,2025-07-07
2025-07-08,sz.002290,30.8700,31.3800,30.8000,31.3300,30.8400,3043400,94864323.0000,3,1.230900,1,1.588800,64.255066,9.085304,2.985185,76.280034,sz.002290.SZ,2025-07-08
2025-07-09,sz.002290,31.4100,31.5800,30.7300,30.8400,31.3300,2487914,77323154.4200,3,1.006200,1,-1.564000,63.250119,8.943211,2.938497,75.087017,sz.002290.SZ,2025-07-09
2025-07-10,sz.002290,30.8300,31.0400,30.1800,30.5000,30.8400,2434203,74226307.8700,3,0.984500,1,-1.102500,62.552809,8.844615,2.906101,74.259209,sz.002290.SZ,2025-07-10
2025-07-11,sz.002290,30.4500,31.3100,30.3400,30.7500,30.5000,2913273,89753179.4600,3,1.178300,1,0.819700,63.065537,8.917112,2.929922,74.867891,sz.002290.SZ,2025-07-11
2025-07-14,sz.002290,30.5400,32.4000,30.5400,31.8500,30.7500,6260402,198370440.5000,3,2.532000,1,3.577200,65.321540,9.236098,3.034732,77.546092,sz.002290.SZ,2025-07-14
2025-07-15,sz.002290,31.8000,32.2500,31.0000,32.0000,31.8500,6048902,192480841.2200,3,2.446500,1,0.471000,65.629177,9.279596,3.049024,77.911301,sz.002290.SZ,2025-07-15
2025-07-16,sz.002290,32.0200,32.3000,31.5600,31.8600,32.0000,3431342,109429077.1000,3,1.387800,1,-0.437500,65.342049,9.238998,3.035685,77.570440,sz.002290.SZ,2025-07-16
2025-07-17,sz.002290,31.8300,31.9600,31.2800,31.5400,31.8600,3840520,121047645.2000,3,1.553300,1,-1.004400,64.685757,9.146202,3.005195,76.791327,sz.002290.SZ,2025-07-17
2025-07-18,sz.002290,31.3600,32.1800,31.2800,32.1500,31.5400,4987241,158441438.7000,3,2.017100,1,1.934100,65.936814,9.323094,3.063317,78.276511,sz.002290.SZ,2025-07-18
2025-07-21,sz.002290,32.1500,32.1500,31.2200,31.3700,32.1500,4207322,132323525.0900,3,1.701600,1,-2.426100,64.337103,9.096904,2.988997,76.377423,sz.002290.SZ,2025-07-21
2025-07-22,sz.002290,31.3700,31.3700,30.1500,30.4800,31.3700,5183741,158297875.3500,3,2.096600,1,-2.837100,62.511791,8.838815,2.904196,74.210515,sz.002290.SZ,2025-07-22
2025-07-23,sz.002290,30.3400,30.6100,29.1400,29.3900,30.4800,5446200,162495651.0000,3,2.202700,1,-3.576100,60.276297,8.522729,2.800338,71.556661,sz.002290.SZ,2025-07-23
2025-07-24,sz.002290,29.3000,29.5600,28.6600,29.3600,29.3900,4422700,129085250.0000,3,1.788800,1,-0.102100,60.214770,8.514029,2.797480,71.483619,sz.002290.SZ,2025-07-24
2025-07-25,sz.002290,29.3600,30.6800,29.2800,30.6100,29.3600,5250522,158367322.5300,3,2.123600,1,4.257500,62.778410,8.876514,2.916582,74.527029,sz.002290.SZ,2025-07-25
2025-07-28,sz.002290,30.9800,31.9400,30.7800,31.6400,30.6100,6297694,198853664.6200,3,2.547100,1,3.364900,64.890849,9.175201,3.014723,77.034799,sz.002290.SZ,2025-07-28
2025-07-29,sz.002290,31.4700,31.6000,30.7300,31.0000,31.6400,3467100,107496840.0000,3,1.402300,1,-2.022800,63.578265,8.989609,2.953742,75.476573,sz.002290.SZ,2025-07-29
2025-07-30,sz.002290,30.8800,31.5000,30.5400,30.8600,31.0000,2871425,88729605.8800,3,1.161300,1,-0.451600,63.291137,8.949010,2.940403,75.135711,sz.002290.SZ,2025-07-30
2025-07-31,sz.002290,30.8500,31.6600,30.6600,31.2900,30.8600,4016200,125746785.0000,3,1.624300,1,1.393400,64.173030,9.073705,2.981374,76.182644,sz.002290.SZ,2025-07-31
2025-08-01,sz.002290,31.5000,31.8500,30.8700,31.1600,31.2900,3217500,100476775.9900,3,1.301300,1,-0.415500,63.906411,9.036007,2.968987,75.866130,sz.002290.SZ,2025-08-01
2025-08-04,sz.002290,31.1600,33.5000,31.0000,33.2500,31.1600,8453852,274875701.2200,3,3.419200,1,6.707300,68.192817,9.642080,3.168127,80.954712,sz.002290.SZ,2025-08-04
2025-08-05,sz.002290,33.2600,33.4200,32.4700,32.8000,33.2500,4678621,153587831.4100,3,1.892300,1,-1.353400,67.269906,9.511586,3.125250,79.859084,sz.002290.SZ,2025-08-05
2025-08-06,sz.002290,32.8300,33.2500,32.2200,32.8100,32.8000,3657901,119730390.8300,3,1.479400,1,0.030500,67.290415,9.514486,3.126203,79.883431,sz.002290.SZ,2025-08-06
2025-08-07,sz.002290,32.8400,33.1800,32.1100,32.7200,32.8100,4178500,136076641.6800,3,1.690000,1,-0.274300,67.105833,9.488387,3.117627,79.664306,sz.002290.SZ,2025-08-07
2025-08-08,sz.002290,32.4000,32.6600,30.2700,30.3800,32.7200,9027901,278222331.7400,3,3.649300,1,-7.151600,56.402550,8.359854,2.979587,57.903618,sz.002290.SZ,2025-08-08
2025-08-11,sz.002290,30.3000,31.2400,29.5900,30.9400,30.3800,5334494,163118350.3800,3,2.156300,1,1.843300,57.442229,8.513953,3.034510,58.970965,sz.002290.SZ,2025-08-11
2025-08-12,sz.002290,31.0000,31.3300,30.6400,31.0800,30.9400,3432121,106346989.8000,3,1.387300,1,0.452500,57.702148,8.552478,3.048241,59.237802,sz.002290.SZ,2025-08-12
2025-08-13,sz.002290,31.0700,31.0700,30.3300,30.4900,31.0800,4167633,127325012.5600,3,1.684600,1,-1.898300,56.606773,8.390124,2.990376,58.113275,sz.002290.SZ,2025-08-13
2025-08-14,sz.002290,30.2600,30.7000,29.8800,30.0400,30.4900,2960800,89536389.0000,3,1.196800,1,-1.475900,55.771317,8.266294,2.946241,57.255585,sz.002290.SZ,2025-08-14
2025-08-15,sz.002290,30.0400,30.2400,29.8100,30.1000,30.0400,3642779,109564582.7400,3,1.472500,1,0.199700,55.882711,8.282805,2.952126,57.369944,sz.002290.SZ,2025-08-15
2025-08-18,sz.002290,30.1000,30.4900,29.8500,30.0100,30.1000,4861696,146328773.7000,3,1.965200,1,-0.299000,55.715620,8.258039,2.943299,57.198406,sz.002290.SZ,2025-08-18
2025-08-19,sz.002290,30.0000,30.1000,29.4500,29.7900,30.0100,4341253,129161867.2000,3,1.754800,1,-0.733100,55.307175,8.197500,2.921722,56.779090,sz.002290.SZ,2025-08-19
2025-08-20,sz.002290,29.7900,30.2300,29.5200,30.2300,29.7900,3816200,114270347.0000,3,1.542600,1,1.477000,56.124065,8.318578,2.964876,57.617721,sz.002290.SZ,2025-08-20
2025-08-21,sz.002290,30.2400,30.4800,29.7600,29.9000,30.2300,4457601,133838388.8300,3,1.801800,1,-1.091600,55.511397,8.227770,2.932510,56.988748,sz.002290.SZ,2025-08-21
2025-08-22,sz.002290,30.0000,32.8900,29.9100,32.8900,29.9000,14835688,475214509.4700,3,5.996900,1,10.000000,61.062537,9.050547,3.225761,62.687623,sz.002290.SZ,2025-08-22
2025-08-25,sz.002290,34.3100,36.1800,34.3100,35.3300,32.8900,26611671,942118169.9900,3,10.757000,1,7.418700,65.592564,9.721977,3.465070,67.338210,sz.002290.SZ,2025-08-25
2025-08-26,sz.002290,34.0200,36.0000,33.8300,35.5500,35.3300,16499990,578164329.9800,3,6.669600,1,0.622700,66.001009,9.782516,3.486647,67.757525,sz.002290.SZ,2025-08-26
2025-08-27,sz.002290,35.6700,37.9800,34.9700,35.5100,35.5500,15799700,575115893.7300,3,6.386500,1,-0.112500,65.926747,9.771509,3.482724,67.681286,sz.002290.SZ,2025-08-27
2025-08-28,sz.002290,35.3800,36.3400,34.8000,36.3200,35.5100,9825013,350370245.1200,3,3.971500,1,2.281000,67.430567,9.994401,3.562166,69.225128,sz.002290.SZ,2025-08-28
2025-08-29,sz.002290,36.5900,36.7500,35.5000,35.8800,36.3200,7706212,277335811.9200,3,3.115000,1,-1.211500,66.613677,9.873324,3.519012,68.386498,sz.002290.SZ,2025-08-29
2025-09-01,sz.002290,35.5000,35.8900,34.0800,34.1800,35.8800,8561520,297643020.2000,3,3.460700,1,-4.738000,63.457510,9.405524,3.352281,65.146335,sz.002290.SZ,2025-09-01
2025-09-02,sz.002290,34.1800,36.5000,33.6200,35.2400,34.1800,11213803,391826652.6500,3,4.532800,1,3.101200,65.425473,9.697211,3.456243,67.166672,sz.002290.SZ,2025-09-02
2025-09-03,sz.002290,35.2400,35.6800,34.0000,34.2800,35.2400,5239000,181729807.0000,3,2.117700,1,-2.724200,63.643167,9.433042,3.362089,65.336933,sz.002290.SZ,2025-09-03
2025-09-04,sz.002290,34.2700,34.2700,30.9600,31.5500,34.2800,11139575,360775797.2500,3,4.502800,1,-7.963800,58.574735,8.681811,3.094338,60.133612,sz.002290.SZ,2025-09-04
2025-09-05,sz.002290,31.7500,32.3100,31.1900,31.9500,31.5500,4357100,138489988.0000,3,1.761200,1,1.267800,59.317363,8.791881,3.133568,60.896003,sz.002290.SZ,2025-09-05
2025-09-08,sz.002290,31.9600,33.1900,31.8800,32.4200,31.9500,5274700,171675600.0000,3,2.132100,1,1.471000,60.189950,8.921214,3.179665,61.791813,sz.002290.SZ,2025-09-08
2025-09-09,sz.002290,32.4700,34.7000,31.9000,34.1600,32.4200,9355100,316751798.0000,3,3.781500,1,5.367100,63.420379,9.400021,3.350319,65.108215,sz.002290.SZ,2025-09-09
2025-09-10,sz.002290,34.1600,34.9500,33.9800,34.3900,34.1600,5511203,189717623.1900,3,2.227700,1,0.673300,63.847390,9.463311,3.372877,65.546590,sz.002290.SZ,2025-09-10
2025-09-11,sz.002290,34.4200,35.3500,34.0000,34.8900,34.3900,5790550,201249313.4700,3,2.340700,1,1.453900,64.775674,9.600899,3.421916,66.499579,sz.002290.SZ,2025-09-11
2025-09-12,sz.002290,35.0000,35.8300,34.8000,35.2000,34.8900,5267000,185818035.0000,3,2.129000,1,0.888500,65.351210,9.686204,3.452320,67.090432,sz.002290.SZ,2025-09-12
2025-09-15,sz.002290,35.1800,38.7200,35.1800,38.7200,35.2000,6809081,260144488.3200,3,2.752400,1,10.000000,71.886331,10.654824,3.797552,73.799476,sz.002290.SZ,2025-09-15
2025-09-16,sz.002290,38.7200,40.3100,38.0000,39.4600,38.7200,18187725,713731686.0300,3,7.351800,1,1.911200,73.260192,10.858455,3.870129,75.209900,sz.002290.SZ,2025-09-16
2025-09-17,sz.002290,40.0000,40.6000,38.7800,39.2100,39.4600,11002591,436159034.7600,3,4.447500,1,-0.633600,72.796050,10.789661,3.845609,74.733405,sz.002290.SZ,2025-09-17
2025-09-18,sz.002290,39.2300,40.1800,37.8100,38.5500,39.2100,10705072,419822554.1200,3,4.327200,1,-1.683200,71.570715,10.608044,3.780878,73.475459,sz.002290.SZ,2025-09-18
2025-09-19,sz.002290,38.5500,39.6600,38.0700,38.3300,38.5500,5615602,216878573.4500,3,2.269900,1,-0.570700,71.162270,10.547506,3.759301,73.056144,sz.002290.SZ,2025-09-19
2025-09-22,sz.002290,38.5000,39.9500,38.1300,38.9600,38.3300,6563656,257706046.7900,3,2.653200,1,1.643600,72.331908,10.720867,3.821090,74.256911,sz.002290.SZ,2025-09-22
2025-09-23,sz.002290,39.1100,39.1100,36.5000,37.7100,38.9600,8376101,314183498.6200,3,3.385800,1,-3.208400,70.011197,10.376896,3.698494,71.874438,sz.002290.SZ,2025-09-23
2025-09-24,sz.002290,37.4900,39.7400,37.0000,39.5300,37.7100,8306186,322170461.7200,3,3.357500,1,4.826300,73.390152,10.877717,3.876994,75.343318,sz.002290.SZ,2025-09-24
2025-09-25,sz.002290,39.5500,40.9500,39.1200,39.8200,39.5300,8505886,340793001.1600,3,3.438200,1,0.733600,73.928557,10.957518,3.905437,75.896052,sz.002290.SZ,2025-09-25
2025-09-26,sz.002290,39.6500,40.1300,38.5100,39.1500,39.8200,7402021,290211846.5900,3,2.992000,1,-1.682600,72.684656,10.773150,3.839725,74.619046,sz.002290.SZ,2025-09-26
2025-09-29,sz.002290,39.1300,40.0000,38.2200,39.9300,39.1500,7185786,282344109.2200,3,2.904600,1,1.992300,74.132779,10.987788,3.916225,76.105709,sz.002290.SZ,2025-09-29
2025-09-30,sz.002290,39.6000,41.3000,39.5000,40.8800,39.9300,8399616,339053280.6800,3,3.395300,1,2.379200,75.896519,11.249205,4.009398,77.916389,sz.002290.SZ,2025-09-30
2025-10-09,sz.002290,40.8800,41.6800,39.7100,41.5500,40.8800,8360107,340065900.4600,3,3.379300,1,1.638900,77.140420,11.433573,4.075110,79.193394,sz.002290.SZ,2025-10-09
2025-10-10,sz.002290,41.5000,41.5000,39.3400,39.6100,41.5500,9422305,376329458.4400,3,3.808700,1,-4.669100,73.538677,10.899731,3.884840,75.495796,sz.002290.SZ,2025-10-10
2025-10-13,sz.002290,37.6100,42.9600,37.6100,41.7800,39.6100,10576165,428625415.3400,3,4.275100,1,5.478400,77.567431,11.496864,4.097668,79.631769,sz.002290.SZ,2025-10-13
2025-10-14,sz.002290,41.7800,42.4300,37.6800,38.1400,41.7800,15000400,598938731.0000,3,6.063500,1,-8.712300,70.809522,10.495222,3.740667,72.694008,sz.002290.SZ,2025-10-14
2025-10-15,sz.002290,39.0600,41.0000,38.6700,40.1300,38.1400,8539300,341267983.0000,3,3.451700,1,5.217600,74.504093,11.042823,3.935840,76.486905,sz.002290.SZ,2025-10-15
2025-10-16,sz.002290,40.5900,41.0000,38.9200,39.1300,40.1300,6542300,259876244.0000,3,2.644500,1,-2.491900,72.647524,10.767647,3.837763,74.580927,sz.002290.SZ,2025-10-16
2025-10-17,sz.002290,39.2000,39.3200,37.8900,38.1000,39.1300,5839900,224407830.0000,3,2.360600,1,-2.632300,70.735259,10.484215,3.736744,72.617769,sz.002290.SZ,2025-10-17
2025-10-20,sz.002290,38.6200,39.1600,38.0000,38.6900,38.1000,4498450,173341773.0000,3,1.818400,1,1.548600,71.830634,10.646569,3.794609,73.742296,sz.002290.SZ,2025-10-20
2025-10-21,sz.002290,38.7700,39.5000,38.3100,39.4600,38.6900,4437300,173098549.0000,3,1.793600,1,1.990200,73.260192,10.858455,3.870129,75.209900,sz.002290.SZ,2025-10-21
2025-10-22,sz.002290,39.5500,40.0800,38.3200,39.0900,39.4600,7971762,311778275.4200,3,3.222300,1,-0.937700,72.573262,10.756640,3.833840,74.504688,sz.002290.SZ,2025-10-22
2025-10-23,sz.002290,39.0300,43.0000,38.5100,43.0000,39.0900,15668270,647413750.2000,3,6.333400,1,10.002600,79.832444,11.832579,4.217322,81.957062,sz.002290.SZ,2025-10-23
2025-10-24,sz.002290,42.9200,42.9300,40.9300,42.0200,43.0000,11449540,475771973.0000,3,4.628100,1,-2.279100,78.013007,11.562906,4.121207,80.089204,sz.002290.SZ,2025-10-24
2025-10-27,sz.002290,42.1700,42.3000,40.2900,40.9700,42.0200,8265640,338583318.1000,3,3.341100,1,-2.498800,76.063610,11.273971,4.018225,78.087927,sz.002290.SZ,2025-10-27
2025-10-28,sz.002290,40.9500,41.4700,40.2800,40.6200,40.9700,6774500,276223959.6000,3,2.738400,1,-0.854300,75.413811,11.177659,3.983898,77.420834,sz.002290.SZ,2025-10-28
2025-10-29,sz.002290,40.5400,41.1500,39.7100,40.0800,40.6200,7519544,301761411.6000,3,3.039500,1,-1.329400,63.672757,10.481723,3.897035,78.594419,sz.002290.SZ,2025-10-29
2025-10-30,sz.002290,40.0000,40.0800,38.8800,39.0200,40.0800,7009200,275759505.8000,3,2.833300,1,-2.644700,61.988797,10.204511,3.793969,76.515824,sz.002290.SZ,2025-10-30
2025-10-31,sz.002290,39.0400,40.5000,39.0400,39.5700,39.0200,5736040,228813019.6000,3,2.318600,1,1.409500,62.862550,10.348347,3.847447,77.594341,sz.002290.SZ,2025-10-31
2025-11-03,sz.002290,39.3700,39.8200,38.4500,39.4600,39.5700,6099301,237660168.5400,3,2.465500,1,-0.278000,62.687799,10.319580,3.836751,77.378637,sz.002290.SZ,2025-11-03
2025-11-04,sz.002290,39.4800,39.7000,38.5800,39.4200,39.4600,4058532,158645194.8800,3,1.640500,1,-0.101400,62.624254,10.309119,3.832862,77.300200,sz.002290.SZ,2025-11-04
2025-11-05,sz.002290,39.0100,39.6500,38.8200,39.2500,39.4200,2638800,103460013.0000,3,1.066700,1,-0.431300,62.354185,10.264661,3.816333,76.966840,sz.002290.SZ,2025-11-05
2025-11-06,sz.002290,39.2000,39.3800,38.6000,39.3300,39.2500,4259164,166042939.1400,3,1.721600,1,0.203800,62.481276,10.285583,3.824111,77.123715,sz.002290.SZ,2025-11-06
2025-11-07,sz.002290,39.5000,39.7800,38.8600,39.2300,39.3300,4693202,183826526.6200,3,1.897100,1,-0.254300,62.322412,10.259431,3.814388,76.927622,sz.002290.SZ,2025-11-07
2025-11-10,sz.002290,39.3200,39.3200,38.0000,38.1000,39.2300,6778800,260569727.0000,3,2.740100,1,-2.880400,60.527247,9.963913,3.704516,74.711761,sz.002290.SZ,2025-11-10
2025-11-11,sz.002290,38.3300,39.7000,37.8000,38.9200,38.1000,10201802,394249011.7800,3,4.123800,1,2.152200,61.829933,10.178359,3.784246,76.319731,sz.002290.SZ,2025-11-11
2025-11-12,sz.002290,38.9300,39.6000,38.0300,38.2900,38.9200,7409658,286527678.7200,3,2.995100,1,-1.618700,60.829089,10.013602,3.722990,75.084339,sz.002290.SZ,2025-11-12
2025-11-13,sz.002290,38.2100,38.4900,37.9000,38.1900,38.2900,3871100,147457500.0000,3,1.564800,1,-0.261200,60.670224,9.987450,3.713267,74.888245,sz.002290.SZ,2025-11-13
2025-11-14,sz.002290,38.1000,38.2000,37.6300,38.0200,38.1900,4244700,160840751.0000,3,1.715800,1,-0.445100,60.400155,9.942991,3.696738,74.554886,sz.002290.SZ,2025-11-14
2025-11-17,sz.002290,38.0500,38.3800,37.4000,38.2400,38.0200,4158700,157778628.0000,3,1.681000,1,0.578600,60.749656,10.000526,3.718129,74.986292,sz.002290.SZ,2025-11-17
2025-11-18,sz.002290,38.0900,38.2900,37.6100,37.8800,38.2400,2759300,104594509.0000,3,1.115400,1,-0.941400,60.177745,9.906379,3.683125,74.280354,sz.002290.SZ,2025-11-18
2025-11-19,sz.002290,37.8900,38.5000,37.4100,37.4500,37.8800,5021100,189389482.0000,3,2.029600,1,-1.135200,59.494630,9.793925,3.641316,73.437151,sz.002290.SZ,2025-11-19
2025-11-20,sz.002290,37.5000,38.0300,36.7000,37.9900,37.4500,5633401,211313198.5100,3,2.277100,1,1.441900,60.352496,9.935146,3.693821,74.496058,sz.002290.SZ,2025-11-20
2025-11-21,sz.002290,37.7000,39.4900,37.1800,38.8200,37.9900,12079400,466097216.5600,3,4.882700,1,2.184800,61.671069,10.152207,3.774523,76.123637,sz.002290.SZ,2025-11-21
2025-11-24,sz.002290,42.7000,42.7000,38.7700,40.0000,38.8200,18112232,731954383.1800,3,7.321300,1,3.039700,63.545666,10.460801,3.889256,78.437544,sz.002290.SZ,2025-11-24
2025-11-25,sz.002290,39.8800,39.9900,38.7200,38.8600,40.0000,8408542,329932549.4100,3,3.398900,1,-2.850000,61.734614,10.162668,3.778412,76.202074,sz.002290.SZ,2025-11-25
2025-11-26,sz.002290,38.6600,38.8600,38.0000,38.1500,38.8600,4502300,172276849.1600,3,1.819900,1,-1.827100,60.606679,9.976989,3.709378,74.809808,sz.002290.SZ,2025-11-26
2025-11-27,sz.002290,37.8500,38.3900,37.5000,37.7800,38.1500,3653700,138453031.1600,3,1.476900,1,-0.969900,60.018881,9.880227,3.673402,74.084261,sz.002290.SZ,2025-11-27
2025-11-28,sz.002290,37.7800,39.8000,37.6800,39.2700,37.7800,7316143,285565065.8500,3,2.957300,1,3.943900,62.385957,10.269891,3.818277,77.006059,sz.002290.SZ,2025-11-28
2025-12-01,sz.002290,39.4200,43.1100,39.3500,42.4000,39.2700,15499209,651941873.3200,3,6.265100,1,7.970500,67.358406,11.088449,4.122611,83.143797,sz.002290.SZ,2025-12-01
2025-12-02,sz.002290,42.4000,42.9100,41.9800,42.5200,42.4000,5828813,247459114.4400,3,2.356100,1,0.283000,67.549043,11.119832,4.134279,83.379110,sz.002290.SZ,2025-12-02
2025-12-03,sz.002290,42.5100,44.4200,42.5100,43.5000,42.5200,8123216,352099828.3800,3,3.283600,1,2.304800,69.105912,11.376121,4.229566,85.300829,sz.002290.SZ,2025-12-03
2025-12-04,sz.002290,43.8000,45.1200,43.0000,43.1300,43.5000,6900810,302600276.4000,3,2.789400,1,-0.850600,68.518114,11.279359,4.193590,84.575282,sz.002290.SZ,2025-12-04
2025-12-05,sz.002290,43.0100,43.4900,42.2200,42.8400,43.1300,5273000,225249028.1300,3,2.131400,1,-0.672400,68.057408,11.203518,4.165393,84.006610,sz.002290.SZ,2025-12-05
2025-12-08,sz.002290,42.8000,43.2700,42.0000,42.2300,42.8400,4602757,195624532.4200,3,1.860500,1,-1.423900,67.088337,11.043991,4.106082,82.810437,sz.002290.SZ,2025-12-08
2025-12-09,sz.002290,42.1700,42.5000,41.7500,42.0500,42.2300,3811600,160371764.0000,3,1.540700,1,-0.426200,66.802381,10.996917,4.088580,82.457468,sz.002290.SZ,2025-12-09
2025-12-10,sz.002290,42.0000,44.4400,41.9000,44.2000,42.0500,8232400,358254523.0000,3,3.327700,1,5.113000,70.217961,11.559185,4.297628,86.673486,sz.002290.SZ,2025-12-10
2025-12-11,sz.002290,44.2300,44.4200,42.6000,42.7700,44.2000,6326500,272941166.0000,3,2.557300,1,-3.235300,67.946203,11.185212,4.158587,83.869344,sz.002290.SZ,2025-12-11
2025-12-12,sz.002290,42.7600,42.8500,41.8400,41.9500,42.7700,3983300,168223834.0000,3,1.610100,1,-1.917200,66.643517,10.970765,4.078857,82.261375,sz.002290.SZ,2025-12-12
2025-12-15,sz.002290,41.9000,41.9000,40.6000,40.9700,41.9500,4262201,175108716.8700,3,1.722900,1,-2.336100,65.086648,10.714476,3.983571,80.339655,sz.002290.SZ,2025-12-15
2025-12-16,sz.002290,40.9000,42.3700,40.0000,40.8300,40.9700,4995400,204792160.0000,3,2.019200,1,-0.341700,64.864238,10.677863,3.969958,80.065123,sz.002290.SZ,2025-12-16
2025-12-17,sz.002290,40.7700,42.0000,40.1400,41.6600,40.8300,3495300,143795216.0000,3,1.412900,1,2.032800,66.182811,10.894924,4.050660,81.692702,sz.002290.SZ,2025-12-17
2025-12-18,sz.002290,41.6400,41.6400,40.6600,40.8700,41.6600,2952400,121279596.2400,3,1.193400,1,-1.896300,64.927784,10.688324,3.973847,80.143561,sz.002290.SZ,2025-12-18
2025-12-19,sz.002290,41.2900,41.6900,39.6600,40.2400,40.8700,6188738,252293517.3800,3,2.501600,1,-1.541500,63.926940,10.523566,3.912592,78.908170,sz.002290.SZ,2025-12-19
2025-12-22,sz.002290,40.2900,41.8000,39.8800,40.9400,40.2400,4268677,176231334.3500,3,1.725500,1,1.739600,65.038989,10.706630,3.980654,80.280827,sz.002290.SZ,2025-12-22
2025-12-23,sz.002290,40.6600,41.7000,40.6600,41.6800,40.9400,3259138,134208102.9400,3,1.317400,1,1.807500,66.214584,10.900155,4.052605,81.731921,sz.002290.SZ,2025-12-23
2025-12-24,sz.002290,41.6800,42.8800,41.3900,42.2800,41.6800,4095343,173813087.3300,3,1.655400,1,1.439500,67.167769,11.057067,4.110944,82.908484,sz.002290.SZ,2025-12-24
2025-12-25,sz.002290,42.2800,43.1100,42.0000,42.9100,42.2800,3588900,153257422.0000,3,1.450700,1,1.490100,68.168613,11.221824,4.172199,84.143876,sz.002290.SZ,2025-12-25
2025-12-26,sz.002290,42.7000,43.2000,42.5000,42.6200,42.9100,2971600,127152046.0000,3,1.201200,1,-0.675800,67.707907,11.145984,4.144002,83.575203,sz.002290.SZ,2025-12-26
2025-12-29,sz.002290,42.5000,46.1200,41.9000,45.3000,42.6200,11464095,512261451.4800,3,4.634000,1,6.288100,71.965466,11.846857,4.404582,88.830519,sz.002290.SZ,2025-12-29
2025-12-30,sz.002290,45.0200,45.9400,44.6200,45.4300,45.3000,5691679,258035194.0400,3,2.300700,1,0.287000,72.171990,11.880855,4.417223,89.085441,sz.002290.SZ,2025-12-30
2025-12-31,sz.002290,44.9900,46.4300,44.9300,45.7000,45.4300,5344593,245439494.5400,3,2.160400,1,0.594300,72.600923,11.951465,4.443475,89.614894,sz.002290.SZ,2025-12-31
2026-01-05,sz.002290,45.9500,49.8000,45.7000,49.3900,45.7000,9894923,481327501.2400,3,3.999700,1,8.074400,78.463011,12.916474,4.802259,96.850758,sz.002290.SZ,2026-01-05
2026-01-06,sz.002290,49.8800,50.2100,48.5000,49.6400,49.3900,6391940,315481717.4000,3,2.583700,1,0.506200,78.860171,12.981854,4.826567,97.340992,sz.002290.SZ,2026-01-06
2026-01-07,sz.002290,49.6400,50.8200,49.0200,49.8000,49.6400,5828502,291006252.9100,3,2.356000,1,0.322300,79.114354,13.023697,4.842124,97.654743,sz.002290.SZ,2026-01-07
2026-01-08,sz.002290,49.4800,51.0800,49.2000,50.3400,49.8000,5063900,254196074.0000,3,2.046900,1,1.084300,79.972220,13.164918,4.894629,98.713649,sz.002290.SZ,2026-01-08
2026-01-09,sz.002290,50.3400,51.6500,50.0000,51.2800,50.3400,4767380,243427660.6000,3,1.927100,1,1.867300,81.465544,13.410747,4.986026,100.556932,sz.002290.SZ,2026-01-09
2026-01-12,sz.002290,51.2600,55.0000,50.5000,53.2700,51.2800,8968142,477338917.0000,3,3.625100,1,3.880700,84.626940,13.931172,5.179517,104.459200,sz.002290.SZ,2026-01-12
2026-01-13,sz.002290,53.9600,54.6000,52.5800,53.7900,53.2700,5529200,295839619.0000,3,2.235000,1,0.976200,85.453034,14.067162,5.230077,105.478888,sz.002290.SZ,2026-01-13
2026-01-14,sz.002290,53.6000,59.1700,53.2800,59.1700,53.7900,12167836,695358130.8200,3,4.918500,1,10.001900,93.999926,15.474140,5.753182,116.028737,sz.002290.SZ,2026-01-14
2026-01-15,sz.002290,59.8600,60.9500,57.3900,59.1100,59.1700,8398800,495253867.0000,3,3.395000,1,-0.101400,93.904608,15.458449,5.747348,115.911081,sz.002290.SZ,2026-01-15
2026-01-16,sz.002290,60.2900,61.5800,56.2100,56.6000,59.1100,12846787,741578896.0000,3,5.192900,1,-4.246300,89.917117,14.802034,5.503297,110.989125,sz.002290.SZ,2026-01-16
2026-01-19,sz.002290,56.5000,59.2000,55.0100,56.7500,56.6000,8543089,492819272.4800,3,3.453300,1,0.265000,90.155413,14.841262,5.517882,111.283266,sz.002290.SZ,2026-01-19
2026-01-20,sz.002290,56.7600,58.7500,55.5600,58.2000,56.7500,8040200,461712658.9900,3,3.250000,1,2.555100,92.458944,15.220466,5.658868,114.126627,sz.002290.SZ,2026-01-20
2026-01-21,sz.002290,58.2000,64.0200,58.2000,64.0200,58.2000,11332617,709775698.5400,3,4.580900,1,10.000000,101.704838,16.742512,6.224754,125.539290,sz.002290.SZ,2026-01-21
2026-01-22,sz.002290,67.0900,68.6200,63.0000,64.1300,64.0200,19099691,1257726344.7000,3,7.720500,1,0.171800,101.879589,16.771279,6.235450,125.754993,sz.002290.SZ,2026-01-22
2026-01-23,sz.002290,62.6500,63.6500,58.4400,59.6000,64.1300,17031310,1026728475.1000,3,6.884400,1,-7.063800,94.683042,15.586594,5.794992,116.871941,sz.002290.SZ,2026-01-23
2026-01-26,sz.002290,59.6000,60.7500,57.8900,58.4100,59.6000,7468707,440077183.9700,3,3.019000,1,-1.996600,92.792558,15.275385,5.679286,114.538424,sz.002290.SZ,2026-01-26
